	count
CTGTGTATG	3725
ACGTGGATG	2629
CTGTACATG	2582
GGGCCCATG	2550
TGTGAGATG	2504
TGTACGATG	2471
GGGTGTATG	2465
CGGGTGATG	2389
CATGCGATG	2297
GGGGATATG	2220
GCCACCATG	2215
GACGACATG	2208
CGGGATATG	2178
GTGGTTATG	2153
TGGTCAATG	2126
GGACGGATG	2111
CGTCCAATG	2103
GGGGTGATG	2046
TGGGTAATG	2008
GAGCGTATG	1966
GCTCGGATG	1944
TTGCACATG	1930
CGGGGTATG	1921
TGTGGGATG	1873
GTGTGGATG	1830
AATTGGATG	1827
GCGCGCATG	1822
GAGGGAATG	1800
CGGGGCATG	1770
GTATGGATG	1766
GTGGGGATG	1753
GGTGGGATG	1725
TGGCGGATG	1717
TGGGGTATG	1709
CGTGGGATG	1699
TGTTGGATG	1695
ACTCCTATG	1691
AACGGAATG	1681
GTGTGTATG	1672
GTACTTATG	1652
TTTGGAATG	1631
TCGTCTATG	1614
TTTTATATG	1607
TCGACGATG	1607
GTGTGCATG	1600
GGGTTTATG	1590
GGGTCGATG	1580
GGTATTATG	1553
GGGGAAATG	1546
TTGCTGATG	1545
GGATGTATG	1527
GGATTAATG	1506
AATCCTATG	1472
GGGCTGATG	1470
TGGAGCATG	1465
GCTCGTATG	1447
AACTGGATG	1442
ATTGGTATG	1439
CTGGTGATG	1434
TGGTGCATG	1417
CGGTAGATG	1414
TATAGGATG	1406
TGGTTGATG	1399
CGCGGAATG	1396
TGGGGGATG	1388
GATGTAATG	1385
GCGCGGATG	1370
CGTGGCATG	1362
GGGCGTATG	1362
TGGGAGATG	1361
GGGCGGATG	1356
GGTGGCATG	1341
GTGGGAATG	1320
GGGGTTATG	1289
TGTCAGATG	1262
CTAAAGATG	1261
CTGCGTATG	1252
GGTCGTATG	1247
ACGGGGATG	1246
GGATTCATG	1239
TGGGTGATG	1225
GATTATATG	1221
AATGGCATG	1220
CAGTGTATG	1216
TGGGCTATG	1214
CGTGGAATG	1192
GTGGATATG	1189
CTGGCGATG	1184
GATGGGATG	1171
TGGGAAATG	1167
TCAGTAATG	1165
GGTCGGATG	1161
GGGAGAATG	1138
CTGACTATG	1131
TCGTTGATG	1129
GTTTGGATG	1121
TGGCGAATG	1118
TTTTGGATG	1110
GCTGGGATG	1107
ATTTATATG	1102
AACGTAATG	1102
TATGGGATG	1100
GCGGGTATG	1094
CGGGGAATG	1092
TCTGCGATG	1092
GCTTTGATG	1088
CAGCGGATG	1088
ATCTCGATG	1088
GGATTGATG	1087
GGATACATG	1081
GTGCGGATG	1081
CGATTAATG	1080
CCGGGCATG	1074
CTGTATATG	1073
GGGATTATG	1071
AGGGGCATG	1070
GCGGCGATG	1069
CGGGTTATG	1068
GACGGGATG	1068
TGTGTGATG	1066
TTTTGTATG	1065
TGTTTTATG	1064
CCGCGGATG	1057
GTGGTGATG	1053
GGCTTCATG	1053
TTCGTCATG	1051
CGGGGGATG	1049
TGGGGCATG	1047
TCTGGGATG	1046
CGCGGGATG	1041
CTTGGGATG	1041
GGGCCGATG	1039
TTTTTAATG	1034
GGATGAATG	1030
TGGGCGATG	1013
CGGTGTATG	1008
GATGCGATG	1002
GGGAATATG	1001
GGCTCTATG	1000
GAGTCGATG	991
GCGGGGATG	988
GGTGCGATG	987
CTGGGAATG	986
AGGGTGATG	985
GGTTGTATG	980
GAGCGAATG	978
CTTGTAATG	978
CGGCGAATG	973
GATTAGATG	968
TTCATCATG	962
CTATATATG	960
AGGTCTATG	959
AATGGAATG	954
ATTTGGATG	953
GGAGTTATG	951
GTTGGGATG	951
CGATAGATG	950
TTGGGGATG	946
GTCGATATG	941
GGCTGTATG	933
TGTGGTATG	932
GTGTTGATG	915
GGATGCATG	915
GCGTCAATG	913
GGTCTTATG	912
GCTTTCATG	912
ATTGGGATG	911
TAGGGTATG	910
CGCTAAATG	910
GGGCGCATG	909
TGGTGGATG	908
TGTTTGATG	907
AAGTGGATG	906
TGGTGTATG	905
TTGTGGATG	903
ATCGGGATG	902
GGTCGAATG	901
AGGTTCATG	900
AATGGTATG	896
TGGTTCATG	895
GGGGCTATG	891
GTTTTTATG	891
TTGTCGATG	890
GGGTGAATG	888
GGAAGTATG	885
CGAGGAATG	885
CACGGGATG	884
CGCTCGATG	881
ATTGGAATG	881
TCGTTTATG	881
GTGACGATG	879
GGAGAAATG	879
TGTGGAATG	878
GGCCGGATG	877
TTATGGATG	877
CGGTGCATG	872
TGATGGATG	869
ATACTAATG	868
GGGACAATG	867
TTTGGGATG	862
CGCTGGATG	861
GGGGCCATG	856
CCGGGAATG	848
GTGATTATG	839
CGGCGGATG	838
TGGGGAATG	836
GTGCGAATG	836
GGGTCTATG	835
GATCTGATG	834
TGAGCGATG	834
GGGGCAATG	834
TTTTTTATG	831
GCTAGGATG	830
GTCTATATG	826
TATTTCATG	825
TCCTAGATG	825
GTGTCGATG	824
AAAAGAATG	824
CATTATATG	823
GGTTGAATG	819
GGATTTATG	818
TGGTAAATG	817
CATGTTATG	815
ATTTTGATG	815
GCCGCTATG	815
CCCCTGATG	811
TGTCGGATG	807
GATGGTATG	806
ATGTGGATG	805
TACACGATG	804
GTGCCTATG	803
GGCTGGATG	801
TGATTGATG	800
GGATGGATG	800
TCTTTCATG	799
TGGCTTATG	798
GGGGCGATG	796
CTGGGCATG	794
TCATGGATG	794
GGGGAGATG	794
GTCTGTATG	791
GTATTTATG	790
CATGGAATG	788
GGGATGATG	785
GTTATTATG	779
CGGTACATG	778
TCGGTAATG	778
ATGTGAATG	776
GGTCGCATG	772
ATGATAATG	772
GTGGGTATG	771
TTGGTTATG	768
TTGGAGATG	768
GGGAGTATG	768
TCTTTGATG	767
ATATAGATG	767
TGGGATATG	765
TCGGCGATG	764
GGCCCAATG	763
TGGTTTATG	761
CTCTGCATG	759
GTCTTTATG	759
TGGATGATG	758
TTTTGAATG	758
TCATTCATG	758
GGCTGCATG	757
GAGACGATG	757
GTGTGAATG	757
GGTTTAATG	756
TTGTTGATG	754
GTGTAGATG	752
GAGGCCATG	752
GGCTTTATG	751
TTGTATATG	748
CTGTCCATG	746
TGGATCATG	745
TTGCGTATG	744
GGTTAGATG	744
TATGCGATG	743
CTTTGTATG	741
GGGCAAATG	741
TTGTTTATG	740
TCGCGGATG	739
TTTCAAATG	734
TTATGAATG	732
TTTGGTATG	731
TTTTGCATG	731
CGGCGTATG	729
CGGGCAATG	729
TATCCGATG	728
TACGAGATG	725
GGTTCGATG	723
TATCGGATG	722
CCGGTGATG	722
GCTGTTATG	719
TTATGCATG	718
GCGTGGATG	718
AGGATAATG	717
GGTAGCATG	716
CGGGCGATG	714
GGCGGGATG	714
GGGAAAATG	714
GGGTGGATG	712
AAGGATATG	708
TTCTGGATG	707
GACCGCATG	707
GTTTATATG	707
GGTACGATG	705
CCGCCGATG	704
CGTGCGATG	704
TTCCTGATG	703
GGGCTTATG	701
TTTGTCATG	701
TTTCAGATG	701
CGCGAAATG	700
GCGAGGATG	700
GGATCAATG	698
GTCCTGATG	698
CTTTTCATG	698
TGTTGCATG	697
TTACGGATG	697
GAGTGCATG	694
GCCTTGATG	694
GATGTGATG	694
CGGCAGATG	692
TCGTGAATG	691
CGTGGTATG	689
AGTGACATG	689
TATAGTATG	688
GAGGTTATG	688
CGTCTTATG	686
CTTCGTATG	684
GGGTATATG	682
TTCAAGATG	681
GATGCTATG	680
TTCGGGATG	679
AGAGGGATG	679
GTATGTATG	677
GGCATGATG	677
TCGTACATG	675
CGTTGGATG	674
TGGATTATG	674
AGTGTCATG	672
TGTTGTATG	672
CCGTGGATG	671
GGTTTTATG	671
AGGCTGATG	670
ACTGGGATG	670
GGGGTAATG	670
GATTACATG	669
GGGCGAATG	669
GGAAACATG	669
CATGCTATG	666
TGGTGAATG	665
GGTGTTATG	664
TTGTAAATG	663
AACTCGATG	663
GGCCGCATG	662
GCTTGGATG	660
GTCGGCATG	659
CGCTTGATG	658
TCTCCGATG	657
GCGTGAATG	657
TGCTATATG	656
GAGTGTATG	655
TAGTGGATG	654
GAGTTTATG	654
GCGTTAATG	654
GTATTGATG	652
AGAGGCATG	652
ATTCGTATG	651
TTGCAGATG	651
TGGTATATG	650
GCGCTTATG	649
CCTTTGATG	649
GCGGGAATG	648
GATCGAATG	646
CGGGTAATG	645
ACTCGGATG	642
ATATTCATG	642
AGTGGTATG	641
GTGAGGATG	640
GTCTCGATG	639
GGCGTGATG	637
CGTAGGATG	636
CGTGTCATG	636
GTGTATATG	636
GAATCGATG	635
CCGGGGATG	635
GATGATATG	635
TGCTCGATG	634
AGTATAATG	633
ACGCGAATG	633
GATACTATG	633
GGTAGTATG	632
GCCGGAATG	632
TCCGTAATG	631
AGATGTATG	630
GGGCTAATG	630
GGTATAATG	630
GGTTATATG	629
GTCCGGATG	628
ACTCGCATG	628
GGGTTGATG	628
CAGTCGATG	628
GGACGCATG	628
GATTTAATG	628
GATGGCATG	626
CAGGGCATG	626
TGATAAATG	625
TGAATGATG	624
TCTTTTATG	624
AGATGGATG	624
GGAGTGATG	621
CCTGGGATG	621
GGTGCAATG	619
TGCCCGATG	618
GGTTACATG	618
GCCTAAATG	616
ACCGCAATG	616
CTTGGCATG	615
TGGTTAATG	614
GAGGGTATG	612
TTTAGAATG	612
CGGATAATG	612
CCACGCATG	612
GCGGGCATG	611
TCGCCTATG	610
ATTCCGATG	609
GACCTCATG	608
GGCCCGATG	605
TCCGTCATG	605
GGCGCAATG	604
TGCTTGATG	603
TAGTGTATG	603
GTATTCATG	602
AGTGCGATG	602
TGCTGTATG	600
GGTTTCATG	597
GAGTAGATG	597
GGGTCCATG	596
CGACTTATG	596
GGGTTCATG	596
AGGTATATG	596
TTCCGGATG	596
GGTCTGATG	595
GCGTTGATG	595
GCTTTTATG	593
TGCTGGATG	593
CTATGAATG	593
CGGTTTATG	592
GTTTTGATG	590
CGGTGGATG	590
GCGTTTATG	589
TTGGGTATG	589
GTGTTTATG	589
TTTGCGATG	589
GTTTGAATG	588
ATCTGGATG	587
TTGAGGATG	587
GGTTTGATG	586
TTTTTCATG	586
GCGTGTATG	586
GGTGGTATG	585
GCCGGGATG	585
GGACTGATG	585
CTCGGCATG	585
CATTTGATG	584
GGCGCGATG	584
CTGGGGATG	583
CACTGGATG	582
GGTTCCATG	582
GGGGACATG	582
GCGTTCATG	582
CGAGGTATG	581
CAGTTTATG	581
ACCTTTATG	581
GACTTTATG	581
GTATGCATG	578
TTGTGTATG	578
CGTCCGATG	577
TCTGGAATG	577
TATATAATG	576
GCATTCATG	573
TATGTTATG	572
GGGTGCATG	572
TTTGTTATG	572
GGTGCTATG	571
GGTTGGATG	570
TCAATTATG	570
GTTGTTATG	569
CCGGGTATG	569
TACGGGATG	567
CAGGGTATG	567
GCCTTTATG	567
TTGAGTATG	567
CGTATTATG	567
CTTTGGATG	565
AGTAGAATG	564
GAGCTTATG	563
TGTGCCATG	562
GAAGGGATG	562
ATTTCAATG	561
GGTCAGATG	560
GGACTTATG	560
TAGGACATG	559
TGATTCATG	557
TCGTGCATG	557
CGGCCTATG	557
TGTGTTATG	556
TAGCTCATG	556
ACGTTTATG	556
CGGACGATG	555
GTTGGTATG	555
GTCGGGATG	554
TTATCGATG	554
CCTGTGATG	553
CGTCAGATG	553
AGCTCTATG	552
TGGGTTATG	551
GGGCAGATG	551
GATTGGATG	550
GATTCGATG	550
GGTGATATG	550
CTGCAAATG	549
CGTCGTATG	549
TGCCGGATG	549
CGATATATG	548
CATGGTATG	547
AAGCTGATG	546
TGTTCTATG	546
TTCGCAATG	546
TTAGGAATG	546
GAGTGGATG	545
AGATATATG	545
CGATGTATG	545
GAAGTGATG	545
GCGTGCATG	545
CATGGCATG	545
TTTAGGATG	545
ATTCGGATG	544
AGGGGTATG	543
CGGCGCATG	543
TCCCGAATG	543
CTTTCTATG	541
CGGAAGATG	540
CCGGCGATG	537
ATGTAAATG	536
CTTAATATG	536
CGAGAGATG	536
GGATCGATG	536
CCGGATATG	534
TGAGGTATG	534
CCGAGGATG	533
GGAACGATG	533
AAGCGGATG	533
CACGCGATG	533
GTGACTATG	532
AAATCGATG	532
TTCTATATG	532
GAGATGATG	532
GGCTCGATG	532
CGGTATATG	532
GTTGGAATG	532
TGGTCTATG	529
TAGATGATG	528
CTGTTGATG	528
AGGGAAATG	528
CGCCGGATG	527
CGTTGTATG	525
ACACGGATG	525
TGCCTGATG	525
GTTATCATG	524
TTCTCGATG	524
ATTGTGATG	524
TTTCGGATG	523
AGGGTTATG	523
GTGTTAATG	523
TGGCGCATG	523
TTGGAAATG	522
GCGCTGATG	521
GTGCAGATG	520
ACATCGATG	520
AGGACTATG	520
GGTGTAATG	519
ACGAATATG	519
CATCGCATG	519
CTCATAATG	519
TTCTGTATG	519
CGGCTGATG	519
CCGGTAATG	518
AGCGAAATG	517
TGGCAGATG	516
TCCGAGATG	516
TAAGACATG	516
AAAGGCATG	516
TGTCTGATG	515
GGTGTGATG	514
TGCGCGATG	514
CATGTGATG	512
AGGTGCATG	512
ACCGAGATG	512
ATAACAATG	512
GGCGTCATG	512
TAACAGATG	512
CTGCGCATG	511
CCTCAGATG	511
GCCCGGATG	510
TGTGCGATG	509
CGACGGATG	508
TTGAATATG	508
GGCCCCATG	507
GCTGGTATG	507
CCAATAATG	507
CCGCATATG	506
CGCGAGATG	506
AGTGGGATG	505
TTACAGATG	505
TCGAGAATG	505
GTTTTCATG	505
AGTCGTATG	505
GTATAAATG	505
GGGAGCATG	505
ATGGGTATG	504
TTGGTGATG	504
TGGCATATG	503
GCGTATATG	503
GAGCGCATG	503
TGGCTGATG	502
CTGAAAATG	502
GCACGCATG	502
GAGGCGATG	501
ATGCGGATG	500
GGAAGAATG	499
CGACTGATG	499
GCTAAGATG	498
GAGCGGATG	497
AGCGCGATG	497
CGGCATATG	495
CTGCTAATG	495
GACTTGATG	494
TCCGAAATG	494
CCAGCGATG	494
TTTTTGATG	494
GGCTCAATG	494
GTGTACATG	493
TTTCTGATG	492
CGGAGAATG	490
GCTTCCATG	489
ATGGTCATG	488
GGACGTATG	488
CGATAAATG	487
GGTGGAATG	486
GTTTCTATG	486
TGCATGATG	486
TGTGTCATG	486
TGCTTTATG	485
GTGAGTATG	485
CGCCCTATG	485
GCGCAGATG	485
TTCGTTATG	485
GCGCGTATG	485
GGGCCAATG	484
CCGCCCATG	484
CGGTCGATG	484
GCGTAGATG	483
GGGCCTATG	483
AGAGAGATG	483
TGATTAATG	483
TCTGTGATG	482
TGTCATATG	482
TGACGGATG	481
GGCGAGATG	481
CAGTGAATG	481
AGGGCGATG	479
GATTGTATG	479
TAATTGATG	478
TCACGGATG	478
TCGTATATG	475
TGTGGCATG	474
TCCTATATG	474
GCTGTGATG	472
GATCGGATG	471
AGGAAAATG	471
TAGGGCATG	471
GTAGTGATG	470
CTGTGCATG	470
GATCATATG	470
CGTGTGATG	469
CTGTGGATG	469
GACGTGATG	468
CGTGAGATG	468
TAGGATATG	468
GTTCTCATG	467
GTTCTAATG	467
GATTGAATG	466
AGGGGAATG	466
AGTTTAATG	465
TCGGTCATG	464
CGAAGCATG	464
CGCTAGATG	463
GCATGTATG	463
GAGGGCATG	463
TAAAGCATG	462
TTTTAGATG	462
GGACAGATG	461
GGAGTAATG	461
CCCGGGATG	461
AAGTTGATG	461
GTGGCGATG	460
AGTGCTATG	460
GGTAAGATG	459
AAAATGATG	458
CGTCTGATG	457
AGGTCGATG	457
CCCTCCATG	457
TGCGGCATG	457
TATTCAATG	456
TTTTCTATG	456
TATGAGATG	455
ACTGGAATG	455
TGGCGTATG	455
ACGCAGATG	454
GGATATATG	453
CGCTGTATG	453
TGTAGGATG	452
TCGCTTATG	452
GTCTGGATG	452
ATGCTTATG	451
CTTCCTATG	451
CCGCCTATG	451
ATGGTAATG	450
CGGATGATG	448
GAGGATATG	448
ATCGTGATG	447
CAGCAGATG	447
GTATAGATG	447
TCTTGTATG	447
TACCGCATG	446
AAGGTGATG	446
GGGGTCATG	446
CCGTCGATG	446
CTGCCGATG	445
TAGGAAATG	444
ACGGAAATG	444
TTGCTTATG	444
AGTGTTATG	444
GTGCGTATG	443
ACGGGTATG	443
GGTTAAATG	443
GCCCCGATG	443
GTTCTTATG	442
CTTTTTATG	442
GCTGGCATG	442
ATTTTAATG	439
GTTTAAATG	439
CGCAGAATG	439
CCCGAAATG	437
GTCGGAATG	437
AATGGGATG	437
CGTTTGATG	436
GGCCGTATG	434
TGGAACATG	434
GTGTCCATG	433
TGCGCTATG	432
TGTGCTATG	432
GAATGAATG	432
GGGTAAATG	431
CACTTGATG	430
GCCTGCATG	430
CTGTAGATG	429
GGGAAGATG	429
ATATTTATG	429
CTTGGAATG	428
GAGAGCATG	428
TGTTAGATG	428
TAGGTAATG	428
GTCTAAATG	428
CTGGACATG	428
TGGTCGATG	428
TATTGTATG	427
TGTAAGATG	427
TTGGCGATG	427
CAGTGGATG	427
TCGGGAATG	427
TTGAGAATG	426
GTTGTGATG	426
CGACCGATG	426
CTAGCTATG	426
ACTAAGATG	425
GCATGCATG	425
AGGTGGATG	424
CGCTTCATG	424
GCAATTATG	424
CGTTTAATG	423
GAAAACATG	423
GGACTCATG	422
CCCTGAATG	422
CGAGCGATG	421
AGAGTGATG	421
GCCGTGATG	420
CTCCCGATG	420
TGATGCATG	420
ATCTAGATG	419
CGTTCTATG	418
GGGTCAATG	418
TCAGAGATG	418
GTGCCGATG	417
ACGGCAATG	417
AGTCGAATG	416
GATGCCATG	415
GTTCGGATG	415
TGATATATG	415
TTATTGATG	415
TACTTTATG	414
AGGAATATG	413
GGTCCTATG	412
GCTCACATG	411
AAGCGAATG	410
TATCAGATG	410
AAAACCATG	409
TCGGGCATG	408
CTATGGATG	408
GGCTATATG	408
GGTAATATG	407
CAGTGCATG	407
GTGATGATG	407
AAATAGATG	407
ATCCGGATG	406
CGTGTAATG	406
GAGTCAATG	405
TGCAGAATG	405
ACTGTGATG	405
TATTTTATG	405
GAAGAAATG	404
ATGTGCATG	404
GATATTATG	403
CGCGCTATG	403
AGGCGCATG	402
AGGCATATG	401
TTCTAGATG	401
ATACCTATG	401
GCCCAGATG	401
GTTCTGATG	400
TCTGTAATG	400
GATAATATG	400
ACCTGGATG	399
CATGCAATG	398
GCTGCGATG	398
ATGTAGATG	397
TCCTGGATG	397
ACAGGGATG	397
GCATGGATG	397
AGAGGTATG	397
TGGAGTATG	397
AAGTTTATG	396
AAATGGATG	395
AAGAAAATG	395
GGCAACATG	395
TACCTTATG	395
GGAATTATG	395
GAGGTAATG	394
TGAGGGATG	393
GCGGTTATG	393
ATTTCTATG	393
AGTTTTATG	393
GATCCTATG	392
CATTCGATG	391
TCTGTCATG	391
AGGGATATG	391
GATATGATG	391
GGGACGATG	390
GGACCTATG	390
TATTAAATG	390
AGTTCTATG	389
CGTCATATG	389
GGTGCCATG	389
TGATGTATG	389
TTGGGAATG	389
CGCCCAATG	388
GCTAGCATG	388
TGTTTCATG	388
GTGGTAATG	387
GGGACTATG	387
GATTCAATG	387
TACGGCATG	387
AGTGAGATG	387
GCCGCGATG	386
CGAATGATG	385
GTGGACATG	385
GGTCTAATG	385
TGAGAAATG	385
TGCGCCATG	385
GTTTCGATG	384
TCTCGCATG	384
GCCTCGATG	384
ACTTTTATG	384
TGGCCTATG	384
ATGAGAATG	383
TATAAGATG	383
GCGGCCATG	383
TCGGTTATG	383
AGCTGGATG	382
TTCGTAATG	382
TTGTGAATG	382
GAGCCGATG	382
TCCTTGATG	382
TCGGGTATG	380
GTGAGCATG	380
ATCAAGATG	379
ATGGCGATG	379
TCGATGATG	379
GAGTCCATG	378
TGGGCCATG	378
TTAGGTATG	378
GTTCAAATG	377
TACCAGATG	376
GATGGAATG	375
TAATGGATG	375
CTTTTGATG	374
GCTTGCATG	374
TTGAAGATG	373
TTGAGCATG	372
TTTCATATG	372
GGAAGGATG	371
TCCTTTATG	371
GGAGGTATG	369
CGTAGTATG	369
TATGGCATG	369
TTTTCAATG	369
TTATGTATG	369
CCTCGGATG	368
GGCCTTATG	367
AGGGGGATG	367
CGTTTCATG	367
GTGGTCATG	366
TGTAATATG	366
TAGAGTATG	366
CAAGAAATG	365
CTGGCCATG	365
GCACAGATG	365
AAGCCGATG	364
TCGGATATG	364
CAGCGTATG	363
TATGGTATG	363
ACTTTGATG	363
AGCCGCATG	362
AGATTGATG	362
TCCGGTATG	362
ATCGCGATG	362
AAGGGGATG	362
CGTCGAATG	362
AGACAGATG	361
TACTTGATG	361
GACGTTATG	361
CGCACGATG	360
CCGTGAATG	360
TATATGATG	360
AATGTGATG	360
GACCGAATG	360
TTCGCCATG	360
GTCTCAATG	359
TAAGGGATG	359
GAGGGGATG	358
TGGATAATG	358
ATGTATATG	358
CAGTCAATG	357
CTGCTCATG	356
TTTGCTATG	356
CGGTCTATG	356
GGATCTATG	355
TCAGTGATG	355
CGGTAAATG	354
GCTCGCATG	354
CTCTTTATG	354
TGGCCGATG	353
TGTGAAATG	353
AGAGAAATG	353
GCGGCTATG	352
AGTGGCATG	352
CTAGAAATG	351
CTGTTAATG	351
TTTCGAATG	351
CTCGGTATG	351
AGTTGCATG	350
TTGTGCATG	349
CTGGAAATG	349
CGATGCATG	349
GTTAATATG	348
GCACTTATG	348
TCGCCGATG	348
AGCAGAATG	348
TAATTTATG	347
GGAATGATG	346
TTTATTATG	346
TACCGTATG	346
TCCCGCATG	346
TTCTTGATG	346
TTTCGCATG	346
TTGGACATG	346
AGCGGGATG	345
ACAATAATG	345
TCTGGTATG	345
TTATTAATG	345
CAGCTCATG	345
TCGATCATG	344
AGAATCATG	344
TAGCGCATG	344
TGGCACATG	344
GATCTTATG	344
TCTGCAATG	344
GTGACCATG	343
GGGTAGATG	343
TCATTAATG	343
TAATATATG	343
GTAGAGATG	342
AGGGCCATG	342
GGCGTTATG	342
AGCCTTATG	342
TTACGAATG	341
TATCTAATG	341
GAGTTCATG	341
CAATGGATG	341
TGCCGAATG	341
AGTAATATG	339
GCCTCCATG	339
AACTTGATG	338
GGACATATG	338
GGAGGCATG	338
AGCCGGATG	338
GAAAGGATG	338
CTTGTGATG	338
CCTTGGATG	337
ATGCGAATG	337
GTTGAAATG	337
ACGTAGATG	337
CAGTAGATG	336
GACGATATG	336
GTACGAATG	336
GGTCACATG	336
TTCTTCATG	336
TTTATGATG	336
GACGCGATG	335
AAATTAATG	335
TGATCGATG	335
AAGTCTATG	335
TGATCCATG	335
TAGTCCATG	335
ATATGTATG	335
TGCTGCATG	335
TCGGGGATG	335
GGGAACATG	335
GAGATTATG	335
ACCCGGATG	334
GGTCCGATG	334
TTGATTATG	334
ATTGTAATG	334
GCGAGTATG	334
CGGGCCATG	334
GACGCCATG	333
TAGTGCATG	333
TGAGGAATG	331
CATCGTATG	331
GTCGTGATG	331
CTATCAATG	331
TGAAGTATG	331
TGTTTAATG	331
GCGACTATG	330
TGTAACATG	330
CATTGTATG	330
GATGAAATG	329
TCAGTTATG	329
GAGGTCATG	328
TGGAATATG	328
GGTACTATG	328
TAGGTTATG	327
ACGGCGATG	327
AAGTCGATG	327
ATCACTATG	327
CCTGGTATG	327
AGTTGAATG	327
GGCACCATG	327
TCTTCTATG	326
TGCTAAATG	326
GTCCAGATG	326
ACTTCGATG	326
GTTTCAATG	326
TCATGTATG	326
ATTGCCATG	325
TCTTGGATG	325
TCTGCTATG	325
TGTTCGATG	325
TCCGACATG	325
TCGCGTATG	324
CGTTAGATG	324
AGTTTGATG	324
GCAGGGATG	324
GAGGCAATG	323
CTAGGGATG	323
AGTCGGATG	323
GAAGGCATG	323
GGTTCAATG	323
GTAGAAATG	322
CAGGTTATG	322
GATAGAATG	322
GCTTGTATG	322
GAAGAGATG	321
CTACGAATG	321
GCGTAAATG	321
AACTGTATG	321
TATTTAATG	321
CATTTTATG	320
TGAGGCATG	320
CAGACTATG	320
TGAATAATG	320
TCACAGATG	320
TCCGGCATG	320
TAGCGTATG	319
TTTGATATG	319
ATTTAGATG	317
CCGGTTATG	317
GGCACGATG	317
CGGAGTATG	316
ATGAATATG	316
GCTCTTATG	316
CATGAGATG	315
GACTGGATG	315
AGTTGTATG	315
TGGCCAATG	315
TGTAAAATG	315
GTGGCTATG	315
GAGTCTATG	315
TAGGGAATG	314
ACTATTATG	314
TAATGTATG	314
CGCGGCATG	313
ACGTGAATG	313
TTGCTAATG	313
CCCTGCATG	313
TCAGTCATG	313
AGGACAATG	312
GAGCTAATG	312
GGTCAAATG	312
GTTTTAATG	312
ATCTATATG	311
AGTATGATG	311
GCATATATG	311
AATAGCATG	310
GTACCGATG	310
CGCAAAATG	310
CATAGTATG	310
GGATCCATG	309
GCTAACATG	309
AGTTATATG	309
AGGCGTATG	308
GACGCTATG	308
GGACGAATG	308
TTCCGAATG	307
GGCGGCATG	307
ATGCTCATG	307
CTATGCATG	307
AAGGCGATG	306
GTGTCTATG	305
AATGTTATG	305
GTAGGGATG	305
TAAATGATG	304
CCTTGCATG	304
TACGTTATG	304
AGGCAGATG	304
TCAACCATG	303
GTTCCGATG	303
AATTTAATG	303
TATTCTATG	303
TCTGATATG	303
GCCGGCATG	302
CTGTCGATG	302
CAGCTTATG	301
ATAGAAATG	301
AAGGGAATG	301
ATGGGAATG	301
AAGCGCATG	300
GATCGTATG	300
CGGTGAATG	300
AGACGCATG	300
GCAGTGATG	299
GCCGTCATG	299
CGAAGTATG	299
GAGCCAATG	299
CTGCGAATG	299
TTGGTAATG	298
GATGTCATG	298
GTCCTAATG	298
TATTGAATG	297
CGGTTAATG	297
CATGGGATG	297
AATCCGATG	296
GTGCGCATG	296
TAATAGATG	296
GGTTCTATG	296
TTATTTATG	296
GGCGATATG	296
GCTTATATG	295
ACGCTTATG	295
AGGCGAATG	295
ACGTTGATG	295
CAGAGTATG	295
TGCGGGATG	295
TTTAGCATG	294
CCAGAGATG	294
TCTGGCATG	294
ACTTGAATG	293
CGCCAGATG	293
TCGCGAATG	293
CCAGTTATG	293
GATCTCATG	292
TGCCAGATG	292
CTGGATATG	291
TACGTGATG	291
GAATGCATG	291
GGCAGCATG	290
ACTGGTATG	290
GAACTTATG	290
TTAGAGATG	290
ACAATTATG	290
CGATTGATG	290
GTCCGTATG	289
AGTGAAATG	289
CTGGTCATG	289
TCATAGATG	288
TCTCGTATG	288
TCGCAAATG	287
AGACTGATG	287
CGCACAATG	287
AGCGTGATG	287
CGTTGAATG	287
GCCTGGATG	287
TCGAGCATG	287
GATTGCATG	287
TTCTTTATG	286
GGAGGGATG	286
CGATGAATG	286
CGGTCAATG	286
TGCCTAATG	286
ACGTGTATG	286
CGGCTAATG	286
CGTTCGATG	285
GTCATCATG	285
GTTATGATG	285
GCGAATATG	284
ACGCGGATG	284
CTACTCATG	284
AGGTCAATG	284
TAGTTTATG	284
CAACTAATG	283
TCCGGGATG	283
CGCTGCATG	283
CCATTTATG	282
GCTGATATG	282
ATTGCAATG	282
ACTACGATG	281
CATTCAATG	281
ATGGTGATG	281
TTTGAGATG	281
ATCTGTATG	281
GTAGGAATG	281
CGCTTTATG	281
CGGAGGATG	281
GCCTGAATG	281
CATATTATG	280
CGGCACATG	280
GCGATGATG	280
TCGGTGATG	280
GCGGTGATG	280
GGGCACATG	280
TGTTCCATG	280
CCGTTGATG	280
ACAGCGATG	280
GGATAAATG	279
TCTAGGATG	279
CTAACGATG	279
GCCGCCATG	278
GGCCTGATG	278
TATGTGATG	277
ACATGTATG	277
AGCTTGATG	277
AAGTGCATG	277
TATCGTATG	276
GTGCTGATG	276
TAGCACATG	276
AGATTAATG	276
TGAACCATG	276
GGCGTAATG	276
TGAGTAATG	275
AGTCTTATG	275
TCGTGTATG	275
TGATCTATG	274
ATCGAGATG	274
GAAGGTATG	274
GCGCCGATG	274
AGGTTGATG	274
ACGGGCATG	273
TGGGCAATG	273
ACCTAAATG	273
CGTAGCATG	273
CCAGTGATG	273
AAGAGTATG	272
GTTGATATG	272
GGAAAGATG	272
GTGGCAATG	272
CCCGGAATG	272
GGCGCCATG	272
CTGCTTATG	272
GAAATAATG	272
GTACGCATG	271
TGTAGAATG	271
CTTGAGATG	271
TCTCGGATG	271
GGGCTCATG	271
GTCTGAATG	271
CATTTAATG	270
TTCCACATG	270
TGACGCATG	270
CGAGGGATG	270
TTTTACATG	270
CATAATATG	269
TGCGATATG	269
TCTCAGATG	269
ATCAGGATG	269
CACATGATG	269
CGTGTTATG	269
AGCGGAATG	269
CGTCGGATG	269
GGATAGATG	269
CTCTACATG	268
CATATGATG	268
ATTGTTATG	268
GTCGTTATG	268
CCCTTCATG	268
TGTGTAATG	268
GATCAGATG	268
TAGGTCATG	268
GTATTAATG	268
GTGGAAATG	268
AGGCTAATG	267
TGTTATATG	267
GTATGAATG	267
TATTGGATG	267
GAGGTGATG	266
AAGGGCATG	266
TTCCAGATG	266
GATTCTATG	266
ACGGAGATG	266
CATTGGATG	266
AGGGTAATG	265
CGGTTCATG	265
TCAGCTATG	265
TGTTGAATG	265
TACCTCATG	265
GTTAGGATG	265
TGTCGTATG	264
TGCAGGATG	264
GAGGCTATG	263
GAGGAAATG	263
AAATCTATG	263
TTCGGCATG	263
TTCTGCATG	263
ACTGATATG	262
TTGATCATG	262
TCTCGAATG	261
ATACGAATG	261
GGGATCATG	261
TAGGTGATG	261
AGGCTCATG	261
GTCGAGATG	261
GCGGACATG	260
AGCGAGATG	260
CTGCTGATG	259
TCCTCAATG	259
GACTACATG	259
ATGTCCATG	259
ATGGCAATG	259
CTCCAGATG	259
ACGGATATG	259
ATCCAGATG	258
GCTACGATG	258
AGCCACATG	258
ATATCCATG	258
CACTCAATG	258
AGGCACATG	258
TCATGCATG	258
TAGACTATG	258
ATGAGGATG	257
TGTCTCATG	257
GTGCACATG	257
TCGGACATG	257
AAATCCATG	257
GACGCAATG	257
TTCTACATG	257
TTCTCAATG	257
ATGACGATG	257
GGTATGATG	257
CTCATGATG	256
TCAGGTATG	256
GCAAGCATG	256
CTCTAGATG	255
TCAGACATG	255
TTTACAATG	255
GAGCTCATG	255
ACATGAATG	255
AAGTGTATG	255
CTTTGAATG	255
TGGTCCATG	254
GGTAGGATG	254
ACGACGATG	254
CAGTTCATG	254
CACCGGATG	254
CGACTAATG	254
CCTGGAATG	254
CTCGGGATG	254
TGGGACATG	254
TTTGTGATG	254
TTTGTAATG	253
TCAGAAATG	253
ACGGGAATG	253
AGCCTGATG	253
TCCCTGATG	253
GCATCGATG	252
ATTGGCATG	252
TTAAATATG	251
GATAGCATG	251
TGCATAATG	251
AACCTTATG	251
GCCGAGATG	250
GCGGCAATG	250
ACCGATATG	250
TAGTTCATG	250
GTTTAGATG	250
CGTTTTATG	249
ACGAAGATG	249
TAGGGGATG	249
AAACGAATG	249
GGCGGTATG	249
AATGCGATG	249
CCTGAGATG	249
CGCCGAATG	249
CACATTATG	249
AATCATATG	248
GAAACGATG	248
GTACTCATG	248
CTCGAGATG	248
TATTTGATG	248
CTCGCGATG	248
GGACACATG	247
GTTACAATG	246
GCGCGAATG	246
GTTCATATG	246
TATCTGATG	246
ACGAGAATG	246
AGGACCATG	246
TGCACTATG	245
TCCCGGATG	245
TTCACAATG	245
TCATTTATG	245
ATCGTAATG	245
ATATCTATG	244
GCGAAAATG	244
GGTGTCATG	244
TGAGATATG	244
CTCGCTATG	243
TGTCCCATG	243
GACGGCATG	243
GGAGAGATG	243
CGATGGATG	243
AGGTTTATG	243
CAGCAAATG	242
ATCAGAATG	242
ATGTGTATG	242
GCCCCTATG	242
CATGTCATG	242
ACACTGATG	242
AGTAAGATG	241
CTAGCCATG	241
TGCTAGATG	241
CGCAGTATG	240
GTACGGATG	240
TCATTGATG	240
CGCGATATG	240
CTCAGCATG	240
CTGATAATG	240
TACCTGATG	240
TGTACAATG	240
CAGGGAATG	239
GGCGCTATG	239
AGTCGCATG	238
CGACAGATG	238
CTCCGGATG	238
CATAGGATG	237
ATGGACATG	237
GCCAGAATG	237
GCGTCCATG	237
GTACGTATG	237
GTACTGATG	237
CTAGTGATG	236
TTCAGGATG	236
TAGAGGATG	236
ACGAGCATG	236
TGTCCGATG	236
GGTATCATG	235
CTGCATATG	235
CGCGTTATG	235
ATTTTTATG	235
AGCTGTATG	235
TACTCTATG	234
TTTTCCATG	234
ACGACCATG	234
TCTTAGATG	233
TGGGTCATG	233
CACCTTATG	233
GGCTGAATG	233
GATCCGATG	233
ATCGTTATG	233
GCGGAGATG	233
GTTTGTATG	233
TTCGGTATG	233
TAGACAATG	233
AGCATTATG	232
CGACGCATG	232
ACCAAGATG	232
TTTGGCATG	232
TGGCAAATG	231
AGAGATATG	231
GTTCGAATG	231
TTCACGATG	231
CATCACATG	230
AGCCTCATG	230
TTACGCATG	230
GCGCAAATG	229
TGCGGTATG	229
TAGACGATG	229
CGAAAGATG	229
AAACGGATG	229
ATGGTTATG	229
GAAATGATG	229
GCGTCGATG	229
GATGTTATG	229
TGCCAAATG	229
GCAGCCATG	229
GTGGGCATG	228
TATATCATG	228
GAAATTATG	227
TGTCAAATG	227
CCACGGATG	227
GTGGCCATG	227
CTGCAGATG	227
CGTGCTATG	227
CTTATGATG	227
TGCTGAATG	227
ACTTAAATG	227
CGCGTGATG	227
GGAACTATG	227
GCCCGAATG	226
CTTAGTATG	226
GCTGAAATG	226
GATAGGATG	226
TAGCTGATG	226
TTTCCGATG	226
GGCAGGATG	226
CTTGGTATG	226
TGCCGCATG	226
TTTTAAATG	225
TTGCATATG	225
GGTAAAATG	225
AGCGCAATG	225
GACTTAATG	225
GAACAGATG	225
GCCAAGATG	225
CAGGCGATG	225
TGCAAAATG	225
GCGATCATG	225
AGGATGATG	224
TAGAGCATG	224
TAAGTTATG	224
CGAAATATG	224
ATGGAAATG	224
TAGTAGATG	224
CTGGCTATG	224
ACCTCTATG	224
TACAACATG	223
GGTCTCATG	223
CTGGTAATG	223
GCGAACATG	222
CGATCAATG	222
GATGAGATG	222
CAGCCTATG	222
GCCTCTATG	222
CGGGCTATG	222
GGAGCTATG	222
GTGTTCATG	221
CGATTTATG	221
CTGTAAATG	221
CGAGGCATG	221
CTGGCAATG	221
TCGCTGATG	221
CAAGCGATG	221
CTACACATG	221
TTACTGATG	221
GCTCTGATG	220
GGTCCAATG	220
CTCTCTATG	220
TTTAAGATG	220
TTGCGAATG	220
AGTTCCATG	220
GAGAAAATG	220
GGCTTGATG	219
CGCGTAATG	219
TGCGACATG	219
TTAGTTATG	219
TATCATATG	219
GCCGTTATG	218
CCAGGAATG	218
TTGCCGATG	217
ATGCAAATG	217
ACATGGATG	217
TGAATCATG	217
ATGTTTATG	217
ATTTGTATG	217
TATGCAATG	217
GTCCGAATG	217
GCTGTCATG	217
CGCAGGATG	217
TGTCTTATG	217
ACGCGCATG	217
CTTGTTATG	216
GGAGTCATG	216
TCGTAGATG	216
GACTGAATG	216
ATTACCATG	216
AACTATATG	216
AACGGCATG	216
ACTCTGATG	216
ATTTTCATG	215
GTCAGTATG	215
GCAAATATG	215
CGCCCGATG	215
TAAGGAATG	215
TGATCAATG	215
TCGATAATG	214
CGGACAATG	214
AATTTTATG	214
TCCCTTATG	214
TAGGCGATG	214
AGTTAAATG	214
TATATTATG	214
ATTCAGATG	214
GTCCTTATG	214
GTGAAGATG	213
TCCGCTATG	213
GATATCATG	213
GTCAGAATG	213
CGTCTCATG	212
GGCGACATG	212
TGCGTAATG	212
CATCAAATG	212
CGGCCGATG	212
ATCTTGATG	212
CGCTCTATG	212
ATGACCATG	211
GCGGTAATG	211
TAGCTTATG	211
ATGCGTATG	211
TGTTCAATG	211
TAGCTAATG	210
GCCCTGATG	210
GTTATAATG	210
GGTTGCATG	210
ATGAAAATG	210
TAGAGAATG	210
GAATTCATG	210
TCTTACATG	210
TAACTGATG	210
GAACGTATG	210
CTTAAGATG	209
GCACGAATG	209
GTTAGTATG	209
TGTAGCATG	209
CGGAAAATG	209
TGACCGATG	209
GCAAGTATG	209
CGTGATATG	208
TACAGGATG	208
GGCTACATG	208
TCCTCCATG	208
GGCCGAATG	208
AGGGTCATG	208
TTCCCTATG	208
TTTGAAATG	208
ACGGTGATG	208
CCGTATATG	208
ACCGGCATG	207
TGGAAAATG	207
ATGGGGATG	207
ACCGGGATG	207
AAGATTATG	207
GGCCATATG	207
CGGATTATG	207
AGTTCAATG	206
AGGAACATG	206
CAAGGGATG	206
GCAATAATG	206
TCAGCAATG	205
ACGCCAATG	205
CTACGGATG	205
TAACCAATG	205
TATTCCATG	205
GCCTGTATG	205
AATTGTATG	205
AACCGCATG	204
CTATTGATG	204
CCCTTTATG	204
ACAGGTATG	204
CGTTGCATG	204
TAGCGGATG	204
CTCGATATG	204
GCGCCAATG	204
CGCGGTATG	203
AGTGGAATG	203
ACTGTTATG	203
AGGTCCATG	203
TTGCTCATG	202
GCAAAGATG	202
ATGTCTATG	202
GGTACAATG	202
GTTGGCATG	201
TGGCCCATG	201
TTGTAGATG	201
TACTGAATG	201
CCGTTAATG	201
GCCGACATG	201
ACCTGTATG	201
AGATGAATG	200
CTCGTTATG	200
GCCGCAATG	200
GCTTCGATG	199
CTTATTATG	199
GAGTAAATG	199
TATCGCATG	199
CGGAGCATG	199
CCATTCATG	199
CTGGGTATG	199
CGGTTGATG	198
ACTTCCATG	198
CTAATGATG	198
CAGGATATG	198
CTCTCGATG	198
GGCTCCATG	197
TTGGGCATG	197
GACAGGATG	197
ATCGGTATG	197
TGAGTGATG	197
GAATAGATG	197
CAAAGGATG	196
TTAGAAATG	196
ATGCGCATG	196
CTTCTGATG	196
GCCATAATG	196
CCTTTAATG	195
ATCCGAATG	195
TCTAGCATG	195
GGCAGTATG	195
TCCTTCATG	195
TTGTTAATG	195
GGTGAGATG	195
ATAGACATG	195
CTTACGATG	195
GGGACCATG	194
ATCTGAATG	194
TTCACCATG	194
ACTTGTATG	193
GGGTACATG	193
GTCCACATG	193
GTGGAGATG	193
GAATTTATG	193
AAATTCATG	193
ATTATTATG	193
AGAATTATG	192
CAATTGATG	192
GCTATTATG	192
ATGTCGATG	192
CCATCGATG	192
TAACTAATG	192
TGCCATATG	192
CGTGCCATG	192
GCAGATATG	192
CTTTAAATG	192
GTTCCAATG	191
TCGTGGATG	191
TGAAGCATG	191
GATTAAATG	191
TCTTCCATG	191
TACTTCATG	191
ACCGCGATG	191
GCTTGAATG	191
ATGGATATG	191
CGCCTCATG	191
ACTGCAATG	190
TGCGTGATG	190
AGCTTCATG	190
CAATGCATG	190
GGCATAATG	190
ACGTCGATG	190
GAATTGATG	190
GTCGAAATG	190
AGGCGGATG	190
ACTTAGATG	189
TGTAGTATG	189
ATCTTTATG	189
ATATGCATG	189
GACCTAATG	189
TGGCTCATG	189
TGACAGATG	189
AATATTATG	188
TCTCATATG	188
AGACGTATG	188
CGCTATATG	188
GGTCATATG	188
CATCATATG	188
ACGGTTATG	188
CTTGTCATG	188
CAGAGCATG	188
GTAAAAATG	187
TTACTAATG	187
AGGATCATG	187
TCGGAAATG	187
CGGATCATG	187
TCCCAGATG	187
TCATCGATG	187
CAATAGATG	187
TTAGTGATG	186
CGTGAAATG	186
CTTGAAATG	186
CGTTCAATG	186
GACATGATG	186
GTAGCGATG	186
AAACAGATG	186
CGACATATG	186
ATTGAGATG	185
AGAGCGATG	185
TAGGCCATG	185
CTTTTAATG	185
TTCTGAATG	185
GGCACAATG	185
CGTCGCATG	185
AGCCAGATG	184
AGGCCGATG	184
TAGTGAATG	184
GTGAGAATG	184
AATATGATG	184
GAGACAATG	184
GTGCATATG	184
GGCTTAATG	184
ATATACATG	183
CTAGGAATG	183
GACGAGATG	183
CAATCTATG	183
CGTACTATG	182
TTATTCATG	182
ATATTGATG	182
CCGGCTATG	182
TTCCGTATG	182
GAGTACATG	182
TCGAATATG	181
AAATGAATG	181
CGGCCCATG	181
GTTTACATG	181
TAGATTATG	181
GATTTTATG	181
GAACAAATG	180
CCTCCTATG	180
ATGTTCATG	180
CCGAGTATG	180
TTCTTAATG	179
AGGTACATG	179
ATGATCATG	179
AGGTTAATG	179
ATGCAGATG	179
CCAGCAATG	179
CTACGTATG	179
ATTAGTATG	179
CTGTTTATG	178
ATTCGAATG	178
ATTTAAATG	178
ATGAGCATG	177
CTGACGATG	177
GAGCATATG	177
ACATTGATG	177
GCTTCAATG	177
ATAGCAATG	177
TCGCGCATG	177
GACATCATG	176
GAGACTATG	176
ATCCGCATG	176
GGCCAGATG	176
AGTACGATG	176
AGCCTAATG	176
CGGGAAATG	175
CTTAGGATG	175
GACAGAATG	175
GGGTTAATG	175
AGAGTAATG	175
ACGAACATG	174
GGAGACATG	174
GTAAGAATG	174
CTAGTAATG	174
GGAAATATG	174
AGTGTGATG	174
CCGACCATG	174
GCTAGTATG	173
TACTAGATG	173
GCCGGTATG	173
AGCTATATG	173
TCGCAGATG	173
ACTTGGATG	173
TTAGTAATG	173
GGAGGAATG	173
TTGGTCATG	172
ACCTACATG	172
TCCGCCATG	172
ATTCATATG	172
TGTCTAATG	171
AAGGGTATG	171
AACCCTATG	171
GATCTAATG	171
CCTGCGATG	171
TACAGTATG	171
GAGAATATG	171
AGTTAGATG	171
TCATATATG	171
ATCGGAATG	171
AGGGACATG	170
ATAGGGATG	170
AGGGCAATG	169
TCACGTATG	169
ATCGTCATG	169
TAGTCGATG	169
TCGTTAATG	169
GCTTAAATG	169
CCTGTAATG	169
CAGGACATG	169
GACAATATG	169
GTAGATATG	168
GCCTTCATG	167
TGTTAAATG	167
AGCAAGATG	167
GGAGCCATG	167
TAGGCAATG	167
GTCAATATG	166
CTCTGAATG	166
GCGCCCATG	166
CGGAACATG	166
AGTGATATG	166
CTAGGTATG	166
ATAACTATG	166
CGATACATG	166
GCTGCAATG	166
GCAGTTATG	166
GCCATGATG	166
GTGCAAATG	166
AATTTCATG	166
AGATGCATG	166
ACTAGTATG	166
GCCAAAATG	165
TTGTTCATG	165
CTGGTTATG	165
GCTTTAATG	165
TACATCATG	165
GTCTTGATG	164
GTCGCCATG	164
CTGTCTATG	164
TGAAGGATG	164
GTGTCAATG	163
GGCATTATG	163
CGGACCATG	163
GAACGGATG	163
ATAATGATG	163
GCTTAGATG	163
GACACTATG	163
TAACGTATG	163
CGAGACATG	162
TACAAGATG	162
CTGCCTATG	162
AACTCAATG	162
ACCGTGATG	162
CTGATTATG	162
TACCGGATG	162
ACGGTCATG	161
GTCGCTATG	161
AGACGGATG	161
AGAACGATG	161
GAGTTGATG	161
TCCATGATG	161
ACTGAGATG	161
GTCATAATG	161
GGTACCATG	161
CTTCAGATG	160
TCTTAAATG	160
TTTCCAATG	159
GTATCTATG	159
AGACATATG	159
TTCATGATG	158
AGAGTTATG	158
AACTTTATG	158
TCTAGAATG	158
AGAATGATG	158
GTCCAAATG	158
TGCACGATG	158
GACTCGATG	157
AAGGTAATG	157
CCCTGGATG	157
AACCGGATG	156
AGCTGCATG	156
TGACCAATG	156
TATTCGATG	156
GAGACCATG	156
AATTCTATG	156
GAAGCTATG	156
AGCAGGATG	156
CAGGCAATG	156
AAATACATG	156
TTCTAAATG	156
TTACTTATG	155
TTAAGGATG	155
GCTACAATG	155
TATACCATG	155
TAAAATATG	155
ATGCATATG	155
GCATTGATG	155
ATGTTGATG	155
CGGAATATG	155
CGCAACATG	154
TCGACTATG	154
ACGACAATG	154
CCGCCAATG	154
GTTCGTATG	154
AGCTCAATG	154
GCCAGGATG	153
ACTTACATG	153
ATTGAAATG	153
AGCCGAATG	153
CTGAAGATG	153
CTCAAAATG	153
AAGCTAATG	153
ATACGGATG	152
AGGGCTATG	152
TCCACGATG	152
GACATTATG	152
GCGCTCATG	152
TGCCTTATG	152
GGACCGATG	152
CGTTAAATG	152
CCCCGTATG	152
CGGGAGATG	152
CCGATGATG	151
AGGATTATG	151
GCGCTAATG	151
TCTGAGATG	151
CAATTTATG	150
GTCTAGATG	150
TTCCCGATG	150
CCAAAAATG	150
TGGAGAATG	150
GCTACTATG	150
GTCGTCATG	149
TGCTACATG	149
CTCGCCATG	149
GTCAAGATG	149
GTCCTCATG	149
TTTAATATG	149
GTCGACATG	148
ACCCTGATG	148
TAACGGATG	148
ATTAATATG	148
AGCTAGATG	148
ATTCCAATG	148
CGCATGATG	148
GCCAATATG	148
TTGGATATG	148
TGTATAATG	147
TACACTATG	147
TGTATTATG	147
TCGAAGATG	147
CGAAACATG	147
GAATTAATG	147
GATGACATG	147
GATGCAATG	147
CGACAAATG	146
ACTTCTATG	146
AATAGAATG	146
TAATGAATG	146
GAGAGAATG	146
AGACTTATG	146
AATGACATG	146
AGCCCAATG	146
TCATAAATG	146
GGAACAATG	146
GTGATCATG	146
GCAGAAATG	146
GATCCCATG	145
ACTCTTATG	145
CCGCGCATG	145
TAGTCTATG	144
CATTAAATG	144
TGTGCAATG	144
GCCCTAATG	144
ATGGGCATG	144
CTCGGAATG	144
CCCCGGATG	144
ACGGCCATG	143
TTAGGGATG	143
CGCGCGATG	143
GCTGCTATG	143
TGAACGATG	143
CCTGGCATG	143
GCTGTAATG	143
AGATAAATG	142
GCGACCATG	142
GACAACATG	142
TCACACATG	142
AGTAGCATG	142
GCAGGCATG	142
GCGGAAATG	142
CTGTTCATG	142
AGGCCTATG	141
ATCGGCATG	141
AGAAGTATG	141
ATACGTATG	141
TGCTTAATG	141
GACAAGATG	141
AGATCTATG	141
CTTGCTATG	141
CCGGACATG	140
GTAGCTATG	140
TTTCTTATG	140
AATGATATG	140
TATGGAATG	140
CTAAAAATG	140
CATTTCATG	140
GACCGTATG	140
GCGAAGATG	139
TACGTCATG	139
TGGAAGATG	139
ACTTGCATG	139
TACGGAATG	139
CGAGCCATG	139
TATACCGCA	139
GTTTCCATG	139
AGATCGATG	138
CCAGAAATG	138
TCTTATATG	138
GTCTTCATG	138
CTTGCAATG	138
TGACTCATG	137
TTGCGCATG	137
GCTCAAATG	137
ATCCATATG	137
AGGTAAATG	137
CAAGATATG	137
ATCTGCATG	136
GCTTACATG	136
CATCCGATG	136
AACGCAATG	136
ATAGGTATG	136
CGTACGATG	136
GAAGATATG	136
TTAATTATG	135
GCCCGCATG	135
AGGTAGATG	135
GTTCAGATG	135
CCTCGAATG	135
TGCGTCATG	135
CCATTGATG	135
CTATGTATG	135
TCGGCCATG	135
AGCGACATG	135
GCACGGATG	134
AATCTGATG	134
CAGATCATG	134
GAGCAGATG	134
GTCACCATG	134
AACCTGATG	134
GTTAAGATG	134
TGGACCATG	134
GTTGTCATG	133
GCACCCATG	133
GCTAGAATG	133
CCTATTATG	133
GATAAGATG	133
TATGTAATG	133
AAGCGTATG	133
CCTCTGATG	133
TAGTTAATG	133
CACTTCATG	133
GGGCATATG	133
CGAACGATG	132
AATTAAATG	132
TTAATAATG	132
GAGCTGATG	132
CCTTGAATG	132
GTCGTAATG	132
TGGACAATG	132
ATAAAGATG	132
ACGCATATG	132
GGTGAAATG	131
GACTGCATG	131
TCCCCGATG	131
ACCGCTATG	131
CTAGGCATG	131
GCGTCTATG	130
AAATGCATG	130
CTAATTATG	130
CGCTCAATG	130
CCTTAGATG	130
AATTGAATG	130
CAATTCATG	130
ACCGGAATG	130
CATCTCATG	130
CCCGTGATG	129
GCGACAATG	129
CCTATGATG	129
AAAAAGATG	129
GCCCGTATG	129
TAAATAATG	129
TTAACTATG	129
ACCTCGATG	129
CCTGCCATG	129
AATTCCATG	129
CACTACATG	129
AATTCGATG	128
TCAGCGATG	128
TCGGCAATG	128
AGACGAATG	128
ACTGAAATG	128
AAGAGCATG	128
AATTTGATG	127
CTAAATATG	127
AGAGACATG	127
ACAGCTATG	127
TGCAAGATG	127
CATCTGATG	127
ATAGTGATG	126
ACATGCATG	126
GTAACTATG	126
AAGTAGATG	126
CTCGTAATG	126
CCTTTTATG	126
GGCAGAATG	126
TATTAGATG	126
CCTTGTATG	126
AAACGTATG	126
GTATCCATG	126
CGTAAAATG	126
CGGCCAATG	126
TCCGCGATG	126
TCAAAGATG	126
AAGGACATG	126
AGATTTATG	126
GAAGTTATG	126
CGGACTATG	125
AGCATGATG	125
TCTAATATG	125
CCGGCAATG	125
CTAACCATG	125
TCGCATATG	124
AGCGCCATG	124
GTCCCAATG	124
TTAAACATG	124
ATCGATATG	124
GTGCTTATG	123
ATTATGATG	123
ACGTCAATG	123
TTGAAAATG	123
TTTAAAATG	123
GTAGGTATG	123
TGCGGAATG	123
AAGCCTATG	123
TGGAGGATG	123
AGTCAGATG	123
ATCCCTATG	122
TGTGATATG	122
TACTATATG	122
TAGCCTATG	122
TCGTCAATG	122
GCGATTATG	122
AACCCGATG	122
CCCATGATG	122
GACCAAATG	122
GTAACCATG	122
CCCGCCATG	122
TACTGCATG	122
GAATATATG	121
GAAAGTATG	121
CTATCGATG	121
CGACCCATG	121
GATTTCATG	121
AGCCCTATG	121
CGCCGTATG	120
TGTATGATG	120
GCTGACATG	120
CCGACGATG	120
TTCAGTATG	120
AGTGCAATG	120
GTGCCCATG	119
AGTCACATG	119
ACGGTAATG	119
TCATGAATG	119
TTCGCGATG	119
ATTACGATG	119
GCAGCTATG	119
TGACATATG	119
TTATCCATG	119
CGCGACATG	119
AAGCAAATG	119
CCCGGCATG	119
CAATATATG	119
TACAATATG	119
CTCGTCATG	118
CGCATTATG	118
GAGTGAATG	118
CCTCTCATG	118
TAGGCTATG	118
ACCCTTATG	118
TATCACATG	118
GGCTAAATG	118
AAATGTATG	118
TTAGGCATG	117
TAGCGAATG	117
TGACACATG	117
CGAGTCATG	117
GTTAAAATG	117
TGAGTTATG	117
ATTCTAATG	117
GCTCTAATG	117
GCAGGTATG	117
ACCTAGATG	117
AGCGGCATG	117
TTTTCGATG	116
ATGACAATG	116
TTAACGATG	116
CAGACAATG	116
CCGCACATG	116
TGTCGCATG	116
ACCACAATG	116
TATTGCATG	116
CGAGTTATG	116
CACGTGATG	116
AGCGTAATG	115
GTATCGATG	115
TGAGAGATG	115
TTTGACATG	114
CCCCACATG	114
CCTCGCATG	114
AGGCCAATG	114
TAGTACATG	114
CACTAGATG	114
TTGGCAATG	114
CAGTCCATG	114
ATACAGATG	114
TAGGAGATG	114
AATACCATG	113
GCCACAATG	113
GCGCACATG	113
TTAATGATG	113
TTCGACATG	113
AGATACATG	113
CGCTCCATG	113
CTGAGGATG	113
TTAGCGATG	113
CGGGACATG	113
GGAGATATG	113
CTAGCGATG	113
AAACTGATG	113
CCTTCGATG	112
ATCCAAATG	112
GTTACTATG	112
ACCCGCATG	112
GTACACATG	112
AAAAATATG	112
ATCCTAATG	112
GACAGTATG	112
GATACCATG	112
GCGACGATG	112
GATTTGATG	112
TGACGTATG	111
ATGATTATG	111
AATTACATG	111
GCATTAATG	111
ACTGCTATG	111
AATCTTATG	111
CTCTGGATG	111
ATTTCGATG	111
GAGAGTATG	110
GCAAGAATG	110
TGTATCATG	110
CTTCTAATG	110
TCACGCATG	110
GAGAACATG	109
TTTCTAATG	109
CCCTAGATG	109
GAAGGAATG	109
GCGAGCATG	109
AACGCGATG	109
GTCGCGATG	109
ACTGTCATG	109
AGAATAATG	109
TACATGATG	109
AAAGTGATG	109
AAGCAGATG	109
TTACCTATG	109
TCATCAATG	108
AGCCATATG	108
TGAAGAATG	108
TTCGAGATG	108
TGCGAGATG	108
CCGCGAATG	108
CAACAGATG	108
CCGTTCATG	108
TTCATAATG	108
CACACGATG	107
GTCTTAATG	107
GAACCCATG	107
TGAGTCATG	107
ACGCCGATG	107
TTCCAAATG	106
GCATTTATG	106
CCATGGATG	106
GCCATTATG	106
CCGTTTATG	106
ACCGCCATG	106
AAGGAAATG	106
ATATTAATG	106
GTCACGATG	106
GTGTAAATG	106
CCGATTATG	106
ATCAGTATG	105
GTTGAGATG	105
TACTAAATG	105
TGTGACATG	105
GTCATGATG	105
CTAGAGATG	105
CAGAAAATG	105
ACGAGTATG	105
CGGTCCATG	104
CCTTATATG	104
TTAAAAATG	104
TAGTATATG	104
CTTGATATG	104
GCTGGAATG	104
TCCAGCATG	104
TAAGTGATG	104
AAAGGAATG	104
TTGTCTATG	104
TAACGCATG	104
TATGACATG	104
CTCTTAATG	103
AACGATATG	103
TTGATAATG	103
TGATTTATG	103
AACGGTATG	103
ATCCTGATG	102
ACGCTCATG	102
CGTCACATG	102
CACTAAATG	102
TGGACGATG	102
CAATTAATG	102
TCTCTTATG	102
CGAGCAATG	102
CACACAATG	102
ATGCCTATG	102
TCCAATATG	102
CTTTGCATG	101
TCCTGTATG	101
TGTACCATG	101
TAAGAGATG	101
ACTGCCATG	101
CAAGTTATG	101
GGACTAATG	101
AACTGAATG	101
ACCCTAATG	101
CCGCTGATG	101
AGTCATATG	101
TTCGTGATG	100
AATGTAATG	100
AGGGAGATG	100
TCGCTAATG	100
AGTTGGATG	100
TAGTCAATG	100
AATAGGATG	100
TCCCTAATG	100
ACAGAGATG	99
CATCCCATG	99
ACCATAATG	99
GAAAAGATG	99
GCGGATATG	99
ATGAGTATG	99
TATGTCATG	99
CCTATCATG	99
CACCCAATG	99
CTTTCGATG	99
CACAGAATG	99
GAGCAAATG	99
CATACTATG	99
TAGAAGATG	98
ACAAGGATG	98
AACCGTATG	98
CACGCAATG	98
TCCGGAATG	98
AGAGCCATG	98
TAGTTGATG	98
CAGAACATG	98
TTAGCTATG	98
AAGAACATG	98
AAAAGGATG	97
TACTGTATG	97
TTCGATATG	97
GAATGTATG	97
ACTGTAATG	97
CGAGTTTAT	97
CTATCTATG	97
GGAAGCATG	97
TAGTAAATG	97
AGATCCATG	97
TACGTAATG	97
TCTAAGATG	97
AACGACATG	97
CGCCTTATG	97
GACGGTATG	97
AATTAGATG	97
GAATCCATG	96
AGCTACATG	96
GGAGCGATG	96
TCGAGTATG	96
CTGAACATG	96
GTGACAATG	96
CAAAGAATG	96
GCTCTCATG	96
AATACTATG	96
TCTTCGATG	96
CACGTCATG	95
CTTCGGATG	95
TCTCAAATG	95
AGAGCTATG	95
CGTATAATG	95
TAGCCAATG	95
TTTACTATG	95
GACCCTATG	95
CGAAGGATG	95
GACTGTATG	95
CAAGGTATG	95
GCCGAAATG	95
TCACCTATG	94
TATGATATG	94
TGAACTATG	94
CCGTGTATG	94
TGACTGATG	94
TCTGCCATG	94
TGTTACATG	94
CACAGGATG	94
AACATGATG	94
ATTAGGATG	94
CGTTCCATG	94
TAATCGATG	94
GCAATGATG	93
TTGTCCATG	93
GACTATATG	93
CAAACTATG	93
CCATGAATG	93
AGTTTCATG	93
CCTCCAATG	93
AATCAGATG	93
CACGAAATG	93
GACACGATG	93
TGATGAATG	93
AGAAACATG	92
CCCATTATG	92
TTCCGCATG	92
CGATCTATG	92
GTACCCATG	92
GCCAGCATG	92
TGACTTATG	92
AATCGGATG	92
ACAACGATG	91
GTAGACATG	91
TCCTAAATG	91
GCGCATATG	91
GTACAGATG	91
GTATACATG	91
ACATCTATG	91
ATCATTATG	91
ATGACTATG	91
GCATAGATG	91
TGCAGCATG	91
TAATCAATG	91
AAGATAATG	90
CGCTTAATG	90
ACTCGTATG	90
TTTCGTATG	90
GTCAAAATG	90
ATAACGATG	90
ACCCGAATG	90
ACGCCCATG	90
CTAGTTATG	90
AAAGGTATG	90
CGTAACATG	90
GTAATCATG	90
TCACCGATG	90
CAACCGATG	90
GCCTAGATG	90
CGAAGAATG	90
TGAATTATG	90
TTCTCTATG	89
AAAGGGATG	89
TAAGGCATG	89
GCCCTTATG	89
GCATAAATG	89
GACTAGATG	89
CTGATGATG	89
ATGCTAATG	89
TGCCACATG	89
AATGCAATG	89
TCCCCTATG	89
ATTGCGATG	88
CCCCGCATG	88
CCGTCCATG	88
CTACCTATG	88
ACTGGCATG	88
ATCGCTATG	88
AGCAACATG	88
GGCGGAATG	88
GATACGATG	88
AATTGCATG	88
GGAAAAATG	88
CACCCTATG	88
CGGGTCATG	88
CACGCTATG	88
CTGATCATG	87
ATTCACATG	87
ATTCGCATG	87
TTAAGTATG	87
AACAAGATG	87
GTGAAAATG	87
CACCGAATG	87
CATCGAATG	87
GGCGAAATG	86
TCCACCATG	86
CACGAGATG	86
ATTAAAATG	86
CCCAGCATG	86
CGAGTAATG	86
GGCCACATG	86
CTACGCATG	86
CGTACCATG	86
AACTCCATG	86
TGACGAATG	86
GACCACATG	86
GTTTGCATG	86
TCGTCCATG	85
TAAGAAATG	85
ACGGACATG	85
CTAACTATG	85
GTAAACATG	85
AACCCAATG	85
AAAGTCATG	85
CCGAAGATG	85
CAACGGATG	85
TATACGATG	85
AGCGGTATG	85
AGCCGTATG	85
TTAAGCATG	84
ACATAGATG	84
CTCCGCATG	84
CCCGCGATG	84
TGAGCAATG	84
AGAGGAATG	84
GGAATCATG	84
TACGGTATG	84
ATCCTTATG	84
CCGCAGATG	84
TTAAAGATG	84
TGGTAGATG	84
TTATAAATG	84
TGACTAATG	84
CACGGCATG	84
AATAGTATG	84
CTGCGGATG	83
TGTCACATG	83
ATGTCAATG	83
TCTGAAATG	83
CATCTTATG	83
ACAGACATG	83
TTGGCCATG	83
CTGAGTATG	83
ATAGTAATG	83
AACACGATG	83
TTACACATG	83
GCGAGAATG	83
CCATATATG	83
TCTACAATG	82
TCTACTATG	82
CGCCGCATG	82
ATACTGATG	82
CTTGCGATG	82
CAGGTCATG	82
GCCCCAATG	82
ACTCTAATG	82
GCAGAGATG	82
CAGCATATG	82
ACCAGTATG	82
GACCGGATG	81
GACGGAATG	81
TCTATCATG	81
ACAAAGATG	81
AGTGTAATG	81
AGCAATATG	80
TAGCCCATG	80
CGAGTGATG	80
CATGTAATG	80
CTTCACATG	80
AACTTAATG	80
CGACCTATG	80
CGTATCATG	80
ACACACATG	79
GAACGCATG	79
GAAGCCATG	79
TAGAAAATG	79
TAACTCATG	79
CCCTCAATG	79
ACAAGAATG	79
TTAGATATG	79
CGACGTATG	79
CTTTAGATG	79
TCCGTTATG	79
GTTCCTATG	79
TTTCTCATG	78
TATAATATG	78
ACCTTGATG	78
ATCTTAATG	78
CACAAGATG	78
CATTGCATG	78
ACGAGGATG	78
GGGGCTAAT	78
TATCCAATG	78
AAGAATATG	77
GCTCCAATG	77
GAGAAGATG	77
GAACTGATG	77
ATATGAATG	77
GTTAGCATG	77
ATAGGAATG	77
CTGAGCATG	77
TATCCTATG	77
GACCATATG	77
ATCCCGATG	77
CAAGTAATG	77
ATGTTAATG	77
CAGCCAATG	77
GCACATATG	77
CAGAAGATG	76
TGTCGAATG	76
TAATTAATG	76
ACCCCGATG	76
AAGTATATG	76
TATCTTATG	76
GACCTGATG	76
GCAACTATG	75
AGAACTATG	75
ATCTCTATG	75
TGCCGTATG	75
TTTCCTATG	75
TCCTGAATG	75
TAAGTAATG	75
GCCGATATG	75
CATAACATG	75
CACAGTATG	75
CGTAATATG	75
TCTTGAATG	75
TGCTCCATG	75
AATGCTATG	75
GGACAAATG	75
AGTAACATG	74
TCTCTGATG	74
TCTATAATG	74
ATAGTTATG	74
TCTTTAATG	74
ACAGCCATG	74
TTGTACATG	74
GAGCCCATG	74
GAGAGGATG	74
GAGTTAATG	73
TACGAAATG	73
CGTAAGATG	73
CTATACATG	73
AATGTCATG	73
GCACTGATG	73
GGACCCATG	73
CTCTGTATG	73
CGTTATATG	73
CCATCTATG	72
GAATGGATG	72
TGCACAATG	72
GAAGCGATG	72
ATTAGCATG	72
AAAGTAATG	72
CTCTTCATG	72
TATCCCATG	72
AGGTGTATG	72
TCCGTGATG	72
AAGAAGATG	72
AAAGTTATG	72
CGGCTTATG	71
GGAGCAATG	71
TATCTCATG	71
GACTCTATG	71
ACTGACATG	71
ACCTGCATG	71
ACGTTCATG	71
ACCTTCATG	71
CACTCTATG	71
TGTCCTATG	71
CGTATGATG	71
AACTACATG	71
TACTCGATG	71
CATGCCATG	71
GGCTAGATG	71
ATAATCATG	70
AGATTCATG	70
TCCCACATG	70
CCAAGAATG	70
GCCTACATG	70
TGCGTTATG	70
AACAACATG	70
AATAAGATG	70
CAGTACATG	70
TATAGCATG	70
GTCTCTATG	70
AAGACGATG	70
TGCTTCATG	69
AAGACCATG	69
ATCGAAATG	69
ACTCACATG	69
GTAACGATG	69
AGACTCATG	69
TCCTGCATG	69
GCAGCGATG	69
TAAGGTATG	69
GTATATATG	69
ATGGAGATG	69
CCCGAGATG	68
AGCTCGATG	68
GGCCCTATG	68
TGACCCATG	68
GTGAATATG	68
TAATCCATG	68
ACAGGCATG	68
AGCTAAATG	68
CGACTCATG	68
CAGTATATG	68
GACCCGATG	68
TACCGAATG	68
CACTGAATG	68
ACGTGCATG	68
GTCAGCATG	68
AGTAGGATG	68
AGCCCCATG	68
ATTACTATG	67
GGAATAATG	67
GAAATCATG	67
CATTCCATG	67
CGACACATG	67
TTATATATG	67
AAAGCTATG	67
GCATGAATG	67
GGTTTGGAT	67
AGTTCGATG	67
GTCTGCATG	67
CCCTCTATG	67
GTGATAATG	67
GCCAGTATG	67
TGAGCTATG	66
TACAAAATG	66
CAATCGATG	66
ATAAGGATG	66
AGCACCATG	66
AGTACCATG	66
CTCTTGATG	66
ATCGACATG	66
CTTTCAATG	66
GAGCACATG	66
AGGTGAATG	66
TGCGCAATG	66
CGCAGCATG	66
TGCATTATG	65
GCTATGATG	65
TAACATATG	65
TTGACTATG	65
GGCCTAATG	65
TAACCGATG	64
CAAACAATG	64
ATAGAGATG	64
CTCACGATG	64
TCGAAAATG	64
CGGCTCATG	64
CGATCGATG	64
CCTACTATG	64
TTACGTATG	64
CCGAGCATG	64
CTGCCAATG	64
CCGCGTATG	64
TTTATCATG	64
TAGCCGATG	64
ATCGCAATG	64
TTACAAATG	64
GATACAATG	63
ATTTCCATG	63
ACAATGATG	63
CTGTCAATG	63
CTCCTCATG	63
TTAAGAATG	63
GACTCAATG	63
GAATCTATG	63
ACTAACATG	63
CCAGTCATG	63
TACGCGATG	63
CCGCTCATG	63
CGAGATATG	62
GTTGCAATG	62
AGCGTTATG	62
GAAAGCATG	62
AACGGGATG	62
TTGGCTATG	62
GCAACAATG	62
GTCGCAATG	62
AAAGCGATG	62
TCAACTATG	62
GCTTCTATG	62
CCCGGTATG	61
ATTCTTATG	61
CAGCCGATG	61
CAGGTGATG	61
TGATAGATG	61
ATGCCAATG	61
CACCGTATG	61
CTCCGTATG	61
TTAGCCATG	61
TCACTTATG	61
CACCAGATG	61
CCAGATATG	61
GCTGAGATG	60
ATGCACATG	60
GGCAATATG	60
AGTACAATG	60
AGGCAAATG	60
GATAGTATG	60
ACCAACATG	60
AGCTTAATG	59
CTGACCATG	59
TCGTCGATG	59
AGTGCCATG	59
ACAGGAATG	59
ATGGCCATG	59
GAACTAATG	59
GCACTCATG	59
GTACTAATG	59
AAAAAAATG	59
GACATAATG	58
TGATACATG	58
ATCGCCATG	58
ACCGTTATG	58
CCGGAAATG	58
TAGCAAATG	58
AAAACGATG	58
GCGTACATG	57
CAATGTATG	57
CAGAGGATG	57
TGACCTATG	57
TCACTCATG	57
TACCTAATG	57
AACCGAATG	57
TCCAGTATG	57
ACGAAAATG	57
ATATGGATG	57
CGCCACATG	57
CACGGTATG	57
CGAGAAATG	57
AGAAAGATG	57
AATCGAATG	57
GGTGACATG	57
TTCCTCATG	56
GATCAAATG	56
TCGGAGATG	56
TCGCTCATG	56
TTATCAATG	56
TTGCCAATG	56
CCTTACATG	56
TCCTCGATG	56
TGGTACATG	56
AGCTGAATG	56
TCCCGTATG	56
CTTTATATG	56
ATCCCCATG	56
CCGACTATG	56
GTTGTAATG	56
ACCTCCATG	56
GCCACTATG	56
TCTGTTATG	55
AGTCCTATG	55
ATCAGCATG	55
CAAAGCATG	55
AGTCTGATG	55
CGACGAATG	55
GTTGACATG	55
TAAACCATG	55
CAGCGCATG	55
TCTCCCATG	55
CAGATTATG	54
CCGTCAATG	54
GCAACCATG	54
TCCCCAATG	54
GAAGCAATG	54
CGAATTATG	54
AGGAAGATG	54
TAAAACATG	54
CCACTCATG	54
TGTACTATG	54
ATAGTCATG	54
CTCCCCATG	54
TAGATCATG	54
AATGAAATG	54
TCCAGAATG	54
AAGAGGATG	54
AGCACTATG	54
ATGATGATG	53
AAGCTTATG	53
CCTTAAATG	53
AGTCTAATG	53
ATTTACATG	53
AGTATCATG	53
AGCGATATG	53
ATAGCGATG	53
CTACCCATG	53
CCGGCCATG	53
ACCACTATG	53
CTCAGTATG	53
GGCACTATG	53
AGACACATG	52
CCTAGGATG	52
ACCACCATG	52
AGCTTTATG	52
TGCGAAATG	52
TTCGCTATG	52
AGACCTATG	52
AAACCGATG	52
GGCCTCATG	52
TTGTCAATG	52
ACCCACATG	52
TCGGCTATG	51
AGGAGTATG	51
GAGGACATG	51
AAATATATG	51
TGAACAATG	51
ATTCTCATG	51
CATGATATG	51
ATGCCGATG	51
CTCCTGATG	51
ACTGCGATG	51
GTCACTATG	51
GGCCAAATG	51
TCGCCCATG	51
AAACCTATG	51
ACCAAAATG	51
CTAAGTATG	50
GTCAGGATG	50
TCAAGAATG	50
GGCATCATG	50
CATTACATG	50
CGCGTCATG	50
TCTAGTATG	50
AGTCAAATG	50
CGCGCAATG	50
CAACTGATG	50
AACACAATG	50
GTAGCCATG	50
CGCAATATG	50
TACCATATG	50
GCAGTCATG	50
GCGATAATG	50
CTACATATG	50
TACTTAATG	50
GCCTTAATG	49
CACTTTATG	49
GACCAGATG	49
AATTCAATG	49
GCTACCATG	49
TTTGCCATG	49
GTGAACATG	49
CCGTAGATG	49
CAAAATATG	49
AAGGTCATG	49
ATTCAAATG	49
ACGCCTATG	48
TACGATATG	48
TTATCTATG	48
ACTAGAATG	48
AGCACGATG	48
CCGCTTATG	48
AACGTCATG	48
ACACAGATG	48
TTAGACATG	48
CTCGCAATG	48
GGGGTGGAT	48
GCATACATG	48
ACCATGATG	48
AGATAGATG	47
CTGTGAATG	47
TCTTGCATG	47
TGGACTATG	47
TTTAGTATG	47
CGCTACATG	47
AAGACAATG	47
TCAGGGATG	47
CTGCACATG	47
CTATTTATG	47
ACGGCTATG	47
GGGAGGATG	46
CAGTAAATG	46
GTACATATG	46
CGGCAAATG	46
GTAGTAATG	46
GTAAATATG	46
ATCACAATG	46
TGCCCAATG	46
CCTATAATG	46
TTTACGATG	46
CCACAAATG	46
CACTGTATG	46
TCCACTATG	46
CTTACAATG	46
TTGATGATG	46
CCGTACATG	46
CTCTAAATG	45
AGACTAATG	45
TCAAGGATG	45
AGAGTCATG	45
GCTCATATG	45
GTGCTAATG	45
ATGCCCATG	45
ACGAAGAAT	45
TACAGAATG	45
ATTGACATG	45
TGGCTAATG	44
CACGACATG	44
GTCCCGATG	44
TATGCCATG	44
GACCTTATG	44
ATTTGCATG	44
GCCTATATG	44
CTTGACATG	44
TAATACATG	44
AACCTCATG	44
CTATTCATG	44
TCCTTAATG	44
TTTAACATG	43
AGTAGTATG	43
GCAGTAATG	43
TATACAATG	43
GTTAGAATG	43
AAGTTAATG	43
ACGTATATG	43
CTTCATATG	43
GAACCGATG	43
AAGACTATG	43
CCGTGCATG	43
AGCGCTATG	43
ATTGTCATG	43
TAGACCATG	43
GTAATGATG	42
GTATCAATG	42
ATTATAATG	42
TAAACGATG	42
CAGCACATG	42
CCTGCAATG	42
CAAGAGATG	41
TCAGGAATG	41
ATACCAATG	41
CCATAAATG	41
ACCTCAATG	41
ATTCTGATG	41
ACTTATATG	41
ACGATCATG	41
ATTATCATG	41
TCGACCATG	41
TATGAAATG	41
ACGCTGATG	40
TTTGCAATG	40
CCGCTAATG	40
ATTCCTATG	40
ATAGCCATG	40
AGAAGCATG	40
TATTACATG	40
TCGTTCATG	40
ATCTCAATG	39
GCACGTATG	39
CGAATAATG	39
CTCGTGATG	39
CTCCGAATG	39
ACCAGCATG	39
TGCAGTATG	39
GTAACAATG	39
CCTTTCATG	39
AAAGAAATG	39
CAAACGATG	39
TGAGCCATG	38
AAGCTCATG	38
CACCCCATG	37
GTCAACATG	37
CGAAAAATG	37
GTCGGTATG	37
CCCTACATG	37
TCATACATG	37
GTTACGATG	36
AACCACATG	36
ACTAGGATG	36
CCCAGGATG	36
GTAGCAATG	36
CCCTGTATG	36
CTCAACATG	36
CATAAAATG	36
CATTCTATG	36
ACACCAATG	36
CTTCAAATG	36
AAATTGATG	36
TCTTCAATG	35
CCCACAATG	35
ATGAAGATG	35
AGACAAATG	35
GCATCTATG	35
ATAAGCATG	35
CGACCAATG	35
GAGATAATG	35
TTTCACATG	34
CTTATAATG	34
ACCATCATG	34
AAAAGTATG	34
CTCGAAATG	34
ATCCGTATG	34
ACCTATATG	34
CGATTCATG	34
ACCGTAATG	34
TCGAACATG	34
TCTCTAATG	34
AGTCCAATG	34
ACAGATATG	34
CTGGAGATG	34
GCAGGAATG	34
AATAAAATG	34
CCTGAAATG	34
CTATAGATG	33
GCTAATATG	33
ATTAAGATG	33
CCAGGCATG	33
CTGCCCATG	33
CTCATCATG	33
CTTAGAATG	33
CCACGTATG	33
TCCAAAATG	33
TTCAAAATG	33
AGAACCATG	33
GGGATAATG	33
GCACTAATG	33
CTGACAATG	33
TGAAAAATG	32
ACGCAAATG	32
GCGGTCATG	32
GTTGCTATG	32
CCGGTCATG	32
TATAGAATG	32
TTAGTCATG	32
CCTGACATG	32
AGTAAAATG	32
CTTTCCATG	32
CTCTCCATG	32
GCGCCTATG	32
ACCGACATG	31
GTGCCAATG	31
CACGCCATG	31
GATCGCATG	31
TTGCGGATG	31
TTCGGAATG	31
CTCCATATG	31
ACAGTCATG	31
CCTCGTATG	31
CTAGTCATG	31
CTAGCAATG	31
CTACAAATG	31
CTAAGGATG	30
GTCCATATG	30
TAAGTCATG	30
GAATAAATG	30
CTTCCAATG	30
ACATAAATG	30
AACGTTATG	30
AGGCCCATG	30
GACGAAATG	29
CCTAAGATG	29
TCTGACATG	29
GAAGTCATG	29
TACCCGATG	29
TTGACAATG	29
TCTCCTATG	29
CTCAGGATG	29
GTAGGCATG	29
TTCCCCATG	29
TGCTCAATG	29
AGTATTATG	28
ACAGTAATG	28
TAAGCGATG	28
GCTCCTATG	28
CCTAATATG	28
GACCCCATG	28
CACATCATG	28
ATAGGCATG	28
TAGAATATG	28
CAGTTAATG	28
AATATAATG	28
GCCCTCATG	27
ACGTTAATG	27
CTTCTTATG	27
TCAGATATG	27
TCAATCATG	27
TAATTCATG	27
CTACTAATG	27
TACTCAATG	27
TTCATTATG	27
TAAAAAATG	27
ATAGCTATG	27
AGTTACATG	27
AAGTACATG	27
GCTAAAATG	27
TCCAGGATG	27
GAAAGAATG	27
GATTCCATG	27
GTCTCCATG	26
GGCAAGATG	26
TTCCATATG	26
CATCTAATG	26
CAGCTAATG	26
AACATCATG	26
TAAGATATG	26
TCCGATATG	26
CGTACAATG	26
TGAGACATG	26
ACAAGCATG	26
CCAATGATG	26
TTACATATG	26
AACCAGATG	26
CGAATCATG	25
GTAAAGATG	25
CGAACTATG	25
TCACAAATG	25
GAACCTATG	25
ATGGCTATG	25
CGCACTATG	25
AACGCTATG	25
ACAAGTATG	25
AACAGTATG	25
TGTCCAATG	25
TTATACATG	24
TATGCTATG	24
AGAAATATG	24
TCAACAATG	24
ATACAAATG	24
CTTTACATG	24
ACGGTTATA	24
TAAAGAATG	24
CTCTCAATG	24
CAAGCCATG	24
ACGCACATG	24
TATAAAATG	24
ATTGCTATG	24
AAGTGAATG	24
AAAACTATG	23
CCAGTAATG	23
ATGAACATG	23
TATAACATG	23
GGTCCGATT	23
GAAACCATG	23
ACTCAGATG	23
CATGACATG	23
GGTCCCATG	23
TTGCCCATG	23
TTACTCATG	22
CGTCAAATG	22
TTTACCATG	22
ATACGCATG	22
CACCGCATG	22
AAATCAATG	22
GTCCCTATG	22
TAAGCAATG	22
AAACTAATG	22
CGCCATATG	22
CCGGAGATG	21
TACGCAATG	21
CCAGCCATG	21
CAAATAATG	21
CAGATAATG	21
AAAGCAATG	21
CGCCAAATG	21
GGAACCATG	21
ACTATAATG	21
ATTTGAATG	21
CAAGCTATG	21
CCATGCATG	21
AAACGCATG	20
TTACCCATG	20
TAATAAATG	20
ATCACGATG	20
CAAGTGATG	20
CCACCTATG	20
TTACCGATG	20
CCGTCTATG	20
GTCCGCATG	20
CAAGACATG	20
CAACGCATG	20
CACCAAATG	20
CATATCATG	20
CCTCCCATG	20
CAAGTCATG	20
GTCCCCATG	20
CCCGATATG	19
CAGTCTATG	19
AGGCTTATG	19
CCCCAGATG	19
CCAAATATG	19
GTGCTCATG	19
ACATTCATG	19
CAGTTGATG	19
AGCATCATG	19
CCTCTTATG	19
GAATCAATG	19
CCTGCTATG	19
ATAAGTATG	19
ATTGATATG	19
CATAAGATG	18
CACTATATG	18
CCATTAATG	18
CCACTTATG	18
CAGAGAATG	18
CTCCCAATG	18
TCGAGGATG	18
GACTTCATG	18
CAGACGATG	18
CTCGACATG	18
TCCTACATG	18
CAGCGAATG	18
GAACTCATG	18
ACACGTATG	18
CTTACTATG	18
AAGGCCATG	18
TCCACAATG	17
GAACATATG	17
CCAAGTATG	17
GTTTGGGAT	17
TTTATAATG	17
TTAATCATG	17
CAACGTATG	17
AGTACTATG	17
CCCACTATG	17
GCCCAAATG	17
GGTAGAATG	17
TCCCCCATG	17
CAACACATG	17
TCTCACATG	17
GACTCCATG	16
ACTCATATG	16
CCAATCATG	16
AACCAAATG	16
AAAGACATG	16
AAACTCATG	16
CTTCCGATG	16
CTCAAGATG	16
AGTCCGATG	16
TTATAGATG	16
TCGTTGATA	16
TCTAAAATG	16
ACTTTCATG	15
CACGGAATG	15
GGTGGGATT	15
CTCATTATG	15
ACGACTATG	15
GATATAATG	15
AATAATATG	15
TGGGGAGTG	15
TACGCCATG	15
AACTGCATG	15
CTTCGCATG	15
TGAAAGATG	15
ACTAGCATG	15
GACGTAATG	15
GACAGCATG	14
TATTATATG	14
ATATCGATG	14
TAGAACATG	14
CGCCTGATG	14
TTGCCTATG	14
TTCACTATG	14
GTTCGCATG	14
ACTATGATG	14
AACCTAATG	14
CAAATCATG	14
CGCCTAATG	14
CTCCAAATG	14
CCGATAATG	14
TACCGCAAC	13
CTTACCATG	13
TACTGGATG	13
ACCTGAATG	13
ACCGGTATG	13
TTGACGATG	13
AGAAGGATG	13
CAGGAAATG	13
ACAATCATG	13
TCAGGCATG	13
GAAAAAATG	13
CACCATATG	13
TTCGAAATG	13
CCACCGATG	13
TTGACCATG	12
AAGGTTATG	12
GCAAGGATG	12
ACTAAAATG	12
AATAACATG	12
TTCAGAATG	12
TCACATATG	12
ACCAGGATG	12
GCTATAATG	12
AGAAAAATG	11
GTTGCCATG	11
GCTCGAATG	11
CCCGCAATG	11
GAAGTAATG	11
GATCCAATG	11
TAAAAGATG	11
CGTAGAATG	11
CAATCCATG	11
CAGGCTATG	11
CTGAATATG	10
CCTCTAATG	10
TCAGCCATG	10
AATCGCATG	10
GGCAAAATG	10
GTTAACATG	10
TTCCTTATG	10
CTACAGATG	10
TGCAACATG	10
AGGACGATG	10
CTACCAATG	10
AAAATCATG	10
AATACAATG	9
TGACAAATG	9
GCATCAATG	9
ACGTCTATG	9
AGAGCAATG	9
ATCATGATG	9
GAGATCATG	8
AATTGGATT	8
GCGCCTATA	8
CTCCCTATG	8
ATGTACATG	8
TTTCCCATG	8
TCACTAATG	8
CTCAGAATG	8
ACATATATG	8
GCCTCAATG	8
GAACGAATG	8
TCGATTATG	8
GCAGCAATG	8
TCAAATATG	8
TAGCAGATG	7
ATAATTATG	7
TCATCCATG	7
GCTCCCATG	7
ATCAACATG	7
GCCGCAACT	7
ATACCCATG	7
TGGCCAAAT	7
CTATTAATG	7
TCGTACATA	7
TCACTGATG	7
CCTCATATG	7
CGTCCTATG	7
CCCATAATG	7
CTAGATATG	7
CACAGCATG	6
TAAAGGATG	6
TCTCTCATG	6
AGACCGATG	6
TCAACGATG	6
CATCCTATG	6
ATATCAATG	6
ATCGGGATT	6
CATCGGATG	6
TAAATCATG	6
ATAGATATG	6
ACAGAAATG	6
CAATCAATG	6
GCCCATATG	6
GCCCCCATG	5
ATAAGAATG	5
AATTATATG	5
TAGATAATG	5
CTACCGATG	5
ATTAACATG	5
TACGACATG	5
CCCAAAATG	5
GCTATCATG	5
ATTGGTATT	5
AGCATAATG	5
GTACTTATT	5
TCTATTATG	5
TAGCATATG	5
ACCGAAATG	5
TCTACGATG	5
ACGATTATG	5
TGCTCTATG	5
GGTTGTATT	5
CAGGGGATG	5
CAGTTTATA	5
TTCAACATG	5
TATACTATG	5
GGATTGATT	5
GCTCAGATG	5
GAGTATATG	5
GTACCTATG	5
CCACATATG	5
ATATATATG	5
CACGTTATG	4
AAATAGATC	4
GAGCGTATT	4
CTTAGCATG	4
GTTTAAATT	4
AACTAAATG	4
GACTAAATG	4
TGGGGAATT	4
TGCGCGATT	4
GTGTGGATT	4
CGCTCGATT	4
ATACCGATG	4
CGGGGAATT	4
ATACACATG	4
GACGTCATG	4
GGGCGGATT	4
GGGATTATT	4
AAAGCCATG	4
GGGCCCATT	4
CGTCTAATG	4
TCCTCTATG	4
ATTGGAATT	4
TGGATTATT	4
CGACTGATA	4
ATTTATATT	4
CCCGTAATG	4
CTCTATATG	4
GGTGGCATT	4
ATCCTCATG	4
CATGTTATT	4
CGGGCGATT	4
TTCCTAATG	4
AACAGGATG	4
AAGCATATG	4
CTGTACATT	4
CACCTCATG	4
ATCATAATG	4
CCAAAGATG	4
CACGGGATC	4
CGTCCAATC	4
AATCCCATG	4
TAATGCATG	4
CTTAAAATG	4
CGTCCCATG	4
TCCGCAATG	4
CGTCCAATT	4
GCAGACATG	4
CCGTAAATG	4
CAAATGATG	4
TGTTGGATT	4
TCGTAAATG	4
GTGGGGATT	4
GAGGAGATG	4
CTTATCATG	4
GTCTACATG	4
AGCACAATG	4
AAGTTCATG	4
CCCGCTATG	3
TCCCATATG	3
GGGTGGATT	3
CGATCCATG	3
GTAAGTATG	3
TCAATGATG	3
GGGGTGATA	3
GAATCGATC	3
TACATTATG	3
ATCCTTATC	3
CCTGTTATG	3
ACGTGGATC	3
TTGAACATG	3
CTGTGTATC	3
GGATTGATC	3
CCGCATATT	3
CGGGGTATT	3
CATGCGATC	3
CGGGTGATT	3
AGAAGAATG	3
CACGATATG	3
GCATCGTTG	3
TGTGAGATT	3
TGTGGAATC	3
CCTGTCATG	3
AACGTGATG	3
GTGCGGATC	3
CGGGTGATC	3
GTCGGGAAT	3
GTGCGAATC	3
CGAGCTATG	3
CCACAGATG	3
TGTACGATC	3
GTTGCGATG	3
AATTGGATC	3
GGGGCCATC	3
CATTAGATG	3
CACCTGATG	3
TCGTCTACG	3
GGGTGTATT	3
GGTTAGATT	3
GAATCGATT	3
TTTTGGGTG	3
ATCTTCATG	3
TTCGTCATC	3
GCCTGAATC	3
GTAGTTATG	3
TCTGCGATT	3
ATTCGGATT	3
GGTGCCATT	3
TTGCAAATG	3
CCAGGTATG	3
AACAATATG	3
TGGCGGATT	3
TGGCGGAAG	3
CCAGGGATG	3
GTATGGATT	3
ATCTCGATT	3
GGCAATAAT	3
CTAGACATG	3
CGGGCTGTG	3
AGCAGGATT	3
TTCAATATG	3
CTATAAATG	3
GGGGAAATT	3
GGTATTACG	3
GGCCCCATC	3
CGTATTATT	3
TCATGGATT	3
CGTGCAATG	3
TGGATGATT	3
CTTTTTATT	3
TGTCCCATT	3
GAGCCGATT	3
GGACTTATT	3
GCGCGGATT	3
TTTTGGATT	3
TTGGAAATT	3
AATCGTATG	3
CTACTTATG	3
CTTCGAATG	3
TCGTATATT	3
CCAAGCATG	3
ACTCCAATG	3
CTTCCCATG	3
ACTACTATG	3
CTGTATATT	3
TCGATGATT	3
TTTTATATC	3
ACAACAATG	3
ACTAATATG	3
CGGGATATC	3
AATGTGATT	3
TTTTGTATT	3
TCGTCTATT	3
TATAGGATT	3
AGGAGCATG	3
GTAAGGATG	3
CTAATAATG	3
GGTAACATG	3
GAGCCTATG	3
CGGTAGATT	3
CCTCCGATG	3
TACGGCATT	3
GCCGGGATT	3
CCATGTATG	3
CAGGTAATG	3
GTGTAGATT	3
CCCTTGATG	3
TGTGTCATC	3
TGTCGGATT	3
ATTCGGATA	3
GTTATCATA	3
AAGTAAATG	3
GCATCCATG	3
ACTCTCATG	3
CTGGTGATA	3
TGGGGGATC	3
AAACTTATG	3
TCGCCAATG	3
TTCATCATC	3
GAAGACATG	3
GTCATTATG	3
CGGGGCACG	3
GACGACATT	3
CAATAGATC	3
AACTAGATG	3
AGGCTGATT	3
TGGAGCATA	3
ACTCCTATC	3
ACTGGAATC	3
GAGCGATTG	3
CCGGGCATC	3
GTAAGCATG	3
TGGAGCGTG	2
TGTGTGATT	2
ATCCGCATT	2
AACGTAATT	2
GCTCGTATC	2
CCCCTTATG	2
GTTTTTATC	2
GCAAAAATG	2
TAGGGTATT	2
AACGGAATT	2
TGTGCGGTG	2
CTGTGTGTG	2
GGGACAATC	2
GCGTGAATA	2
TGGTCTATT	2
TCCTATATT	2
ATACCTATT	2
GATGTTATT	2
GTGGGAATT	2
TGGTTTTTG	2
TTGGTTATT	2
GAGTTCATT	2
TTAGGTATT	2
AATAGCATC	2
GCTGTTATC	2
TTATGGGTG	2
GCTCGTATT	2
CGATAGATA	2
TGCCTTATT	2
TCAAGCATG	2
TCGACGATC	2
ACTTGAATT	2
AAGCACATG	2
GGGGTGACG	2
CGCTGAATG	2
TGGTGTATA	2
GCCAACATG	2
CGGGGTACG	2
ATACATATG	2
GATGGCTTG	2
GTAAGAATC	2
ATTGGGACG	2
TGTTTGGTG	2
GCTGGGATC	2
CTGCCGATT	2
TTATGGATT	2
GCCGCGATT	2
TTGTTTATT	2
GATTACATT	2
GCTTCCATC	2
CATGGCATT	2
GTTGGGGTG	2
AAAATAATG	2
CCGCCCATT	2
CCGGTGATA	2
AATGAGATG	2
TACGGGATT	2
GGATCGATT	2
CCATAGATG	2
GGGCGTATC	2
CAGTGCATT	2
CGGGTGTTG	2
CCGAGAATG	2
GGCTTTATC	2
AATTGGACG	2
GGCCGCATC	2
TTCCGGATT	2
GTATTGATT	2
CCGGTGATT	2
GGGACAATT	2
GGATGGATT	2
ATCTCCATG	2
AGATCGATT	2
TTGGGGATT	2
GCGAACATT	2
GCGAGGATA	2
CGTGACATG	2
AGGTTCATT	2
TGGAGTACG	2
ACACTTATG	2
TGGAAAATA	2
TCCATAATG	2
ATGCTGATG	2
TCTTGAGTG	2
AACTGGGTG	2
TGATGGATT	2
CGGGTTATA	2
CAGCAGATC	2
CAGCAGATT	2
TTTGGAATC	2
CATTTGATC	2
GGCTCAATA	2
AGAATTATT	2
GCTCGGTTG	2
TTGCACATT	2
TAAATTATG	2
CTCGGCACG	2
CTTTTTATC	2
TACTACATG	2
AGCTGGATT	2
GCCGCCATC	2
TCTTGGATT	2
GTAGCGTTG	2
AATGGAATC	2
AACTCTATG	2
AGTTTAATT	2
TGTACGATT	2
TCGACGATT	2
ATTACCATT	2
CGCTGTATT	2
ACCGCAATC	2
GTATGTACG	2
GGGGCAATT	2
TCCATCATG	2
TATCCGATC	2
AGGAGAATG	2
GGTTGAATT	2
GGGTCCATT	2
TGGTATATT	2
GGACCAATG	2
AAAAGAATT	2
CCCTGTATT	2
TCACGGGTG	2
TTTCAAATT	2
GGTGGGATC	2
TGTGGGACG	2
GGATTTATC	2
AACCTGACG	2
GACGTGATC	2
ACTTTTATA	2
TTGTGGAAG	2
GGGCCCAAG	2
GGGTGTACG	2
GGGCCGATC	2
CCCCATATG	2
TAACTTATG	2
CGGGGGATT	2
TCGGTTATA	2
TGGGTAATT	2
ACTGGGATC	2
TACGCTATG	2
CGAGGAATC	2
GGAGTTATA	2
ACGTGGGTG	2
AGGTGGACG	2
CTAGGCGTG	2
TCCCGAACG	2
TTAGCAATG	2
GTGGTGATC	2
GCGCTTATC	2
AGCTGGGTG	2
TAACACATG	2
GGTCTGATT	2
CAATGAATG	2
CGCCCCATG	2
CGTGGCATT	2
CGGTACATC	2
TGGTTTATT	2
CGTGGAATT	2
ACGATGATG	2
GGTGGGGTG	2
GGGAATATC	2
GGTGCTATC	2
TAGCGTACG	2
TGTACGAAG	2
CCAATAATC	2
CACATAATG	2
GACTTAGTG	2
GGTTTAATT	2
GACTTGATT	2
CATAGAATG	2
AGGGCGAAG	2
TCGCACATG	2
GAGTGGATC	2
GATGTAATC	2
GACACGGTG	2
AGGATAATT	2
TTTTTCATA	2
CTGGCCATC	2
TTTTTCATT	2
TCCCACATC	2
TGTCAGGTG	2
CTGGGCATT	2
CAACTAATT	2
CCCCCGATG	2
ACTTCCATT	2
GCTCTGATT	2
AGCGTCATG	2
GACACCATG	2
GGTCGAACG	2
TATCTAGTG	2
GTGGAGATT	2
ACCGCAATT	2
GTGCGGATT	2
TGGCAGATT	2
GAGCTTATC	2
TTGCAGGTG	2
GGATTGATA	2
CTATATATT	2
TGAGCGATT	2
GGGAGTGTG	2
GATGTGATT	2
CGGCGCATT	2
CCCAGAATG	2
CTCAGCATT	2
TGAGGAATT	2
TTCCTGGTG	2
GGATTCATC	2
GGATTTAAG	2
CTTGGGATC	2
CTAGGGATC	2
GTCGGCATC	2
CCTACAATG	2
ATACTAATT	2
AAAATGATC	2
CCTTTGATT	2
TCGAGAATC	2
GATGATATA	2
TGGCACATT	2
CCCTAAATG	2
AGATGTATC	2
TCCTAGATC	2
GGGCGAATT	2
AGGAATGTG	2
GTGACGATT	2
GAGGCCATT	2
GATGATATT	2
AAGTGGTTG	2
TTGAATGTG	2
ACGCTAATG	2
TGCGGTATC	2
GGATGAATC	2
CTGGCCGTG	2
ACATTAATG	2
CCTACGACG	2
CGGGGCATT	2
CATGGCAAG	2
AAGGATATT	2
GGCTATATT	2
TCATTTATT	2
CGGTAGATC	2
GTCTATATC	2
TATCAAATG	2
GTAATTATG	2
GAGGGGAAG	2
CCCCTCATG	2
GCCCACATG	2
GTGTTTATC	2
CTGGACATT	2
TGGTCAATC	2
GGATTCATT	2
GGTGCGATC	2
GCGGGTATA	2
TCTGTGATT	2
CCGAAAATG	2
CGTTGAATA	2
TGGCTTATT	2
CTCACTATG	2
CATCAAATT	2
GAAACTATG	2
CATTGTATT	2
TGGGAAATT	2
GATTATATT	2
CCCGACATG	2
GATGGCATT	2
TGGTGCATT	2
TTCTTAATC	2
ATCTAAATG	2
GGTGTAATT	2
TTACGGATT	2
CATCAGATG	2
TTTGGGATC	2
CGGGGCTTG	2
CCCACCATG	2
AGTGTCATT	2
GTGGTTATC	2
GGCTTTACG	2
ATCACCATG	2
TATCCGATT	2
TCATGTGTG	2
ATCCACATG	2
TGTTTGATT	2
GAGGGCATT	2
ACGGGGATT	2
AACAGAATG	2
TCATAGATT	2
CTCCTTATG	2
GGAAGTATA	2
TGTTTGATC	2
ACTCCTATT	2
TGGTTGGTG	2
CGTAGGATT	2
CTTTCTATT	2
AGAACAATG	2
GACCGCATT	2
GATAACATG	2
GTGACGAAG	2
CGTCTGATT	2
ATTTATAAG	2
CATAGCATG	2
ATTTGGATC	2
GAATACATG	2
GTTTCTATA	2
CTATGGATT	2
AGTGCTATC	2
GTCGGAATT	2
GAGCGTATA	2
ACGGATATT	2
GGGGATATT	2
CCGCCAATT	2
ACCCCTATG	2
AGTATAATA	2
AAGTCAATG	2
CTCATGATT	2
CTTTGTATC	2
GACCCAATG	2
ATTTCAATC	2
CTGTGTATA	2
ATTTGGATT	2
CGCCGGACG	2
TCGTTGATC	2
CTTTGTATT	2
TTTTGCATC	2
AGAGAGATA	2
AGTCAGATT	2
GGTCGAATT	2
GTTGGGATT	2
TCGTTGATT	2
CTGCGTATA	2
GGTTCCATT	2
TTTTATATT	2
GCCGTAATG	2
GTGGGAGTG	2
CCAGACATG	2
TAGCACATC	2
AAATGGATT	2
TCTTGTATA	2
GGAGAAACG	2
TACCACATG	2
GAAAGGGTG	2
TGCGGCATT	2
CGCTAAATT	2
CTATCCATG	2
AGCGAAATC	2
GTTATCATT	2
GTTCTTATC	2
TGAAATATG	2
GCCTAAATT	2
GGAAACATT	2
TATAGGGTG	2
TAACCCATG	2
CGCATAATG	2
GGGTCGATT	2
AACACTATG	2
ATACTCATG	2
GTTCACATG	2
TTCTCCATG	2
AGTCCCATG	2
TCTGGGATT	2
TACTAGATC	2
TGCTCGATC	2
CCTAACATG	2
CCGATCATG	2
CGAGAGATT	2
AAACGGATT	2
GGGGTTATT	2
CGTCTTATT	2
GCTCGGATA	2
GCGCGGGTG	2
GCTCGGATC	2
CTACTGATG	2
GCGCGGATC	2
TACAGCATG	2
CTATATATC	2
CGTCAGATC	2
CCGCCTATT	2
GCTCGGATT	2
CGTGTCATT	2
TAATTGATC	2
ACGAGCGTG	2
TTCCGGGTG	2
TACTCCATG	2
CTGTACACG	2
ACACGCATG	2
GATTCGGTG	2
TCTATGATG	2
ACTCGAATG	2
GCTGATATT	2
AATCCTATT	2
GCTTATACG	2
AAATGGATC	2
GGGGTTATC	2
ACGTGGATT	2
ATATAAATG	2
ATCCGAGTG	2
ATGCTTATC	2
CTTGAGATT	2
TACATAATG	2
GATCGTATT	2
ATCTCGATC	2
GGTTCAATC	2
TCAGTAATT	2
GCGTGGATT	2
AACTTCATG	2
TGGAGTATT	2
CTAAAGATC	2
ATTGTGATA	2
GATGGGATT	2
GGTGTGGTG	2
ATATTCATC	2
CATGCGATT	2
GAGGTGGTG	2
ACCTTTATT	2
AGGGTGATT	2
GGTATAATT	2
TTCGTTATA	2
ATTCCCATG	2
GGGTGAGTG	2
GGCGCGATC	2
TCGGTAATT	2
CGGTGTACG	2
CCTGATATG	2
CGATTAATT	2
AGTCGAATT	2
GAGATGATC	2
AGTGACATT	2
TATGCGATT	2
ACGGAGATC	2
CGCGGAGTG	2
GTGGGTATT	2
GTTTGGATC	2
ACTACCATG	2
GGACGGATT	2
TCGTCTAAG	2
TGCTTTATT	2
CCACTGATG	2
GGGAGAATT	2
TCCTATATC	1
TGTAGGATA	1
AAGTTGACG	1
CGTTAGATC	1
GTATTTGTG	1
ACGACAATC	1
TGAATCATC	1
TTTGACTTG	1
GGTGGTATC	1
GATGAGAAG	1
GTCAGTACG	1
GGTGGTATT	1
GCACGAGTG	1
TTCTTGGTG	1
ATTAGTATT	1
GTCCGGATT	1
CGGGGCATA	1
TTGGTAATA	1
AATGCAATC	1
CGGAGTATC	1
AAACTGATT	1
GACACAATG	1
GGTAGTACG	1
CTGTCTATT	1
AGGGGGAAG	1
CAGTAGGTG	1
GCCGACATT	1
CATTGAATG	1
ATTGCCTTG	1
TGCGGTATT	1
CTTGGGGTG	1
CTTCCAATC	1
CGGGCGATC	1
CTTGTCATT	1
CTAAAGAGG	1
CGCTCGTTG	1
AAGCCCATG	1
CTTCCAATT	1
GTACAAATG	1
GAAGAATTG	1
ATGGTCATC	1
CGGGGCATC	1
GTCGGAATA	1
AGCTATATT	1
TGATGTAAG	1
CACTAGATT	1
CGTGTCTTG	1
CGAATGATA	1
GAAGAAACG	1
TTAAACATC	1
TCGATGATC	1
ACTGAATTG	1
AGAGTGAGG	1
GTGGGGAAG	1
GGATGTGTG	1
TATGGGGTG	1
ATATTCATT	1
GCTAAGATT	1
GTCTGGATC	1
TAGGTGATC	1
GAGATGATA	1
GGCCGTATC	1
TAGACGATT	1
CGAATGATT	1
AGCGGCATC	1
ATTGTTATA	1
TCCGTGACG	1
TACCTGATA	1
TTTTTCACG	1
TTTTCAATA	1
GGCCCCGTG	1
TAGGTCATC	1
GTCACCAAG	1
TACCTGATT	1
CGGACCAAG	1
ATGGGTATT	1
GGGCTAGTG	1
CCCTCGATG	1
TATAGGACG	1
AGAGGGATA	1
AGAGGGATC	1
TCGGGTATC	1
GTTGAAATC	1
GCGCAGAGG	1
GCAGTGTTG	1
AGGTCGATC	1
CGCGTTGTG	1
ATGGTCATA	1
CGATACACG	1
TTGAGCACG	1
ATGGTCATT	1
TCCTTGTTG	1
GTAGCGGTG	1
ACACAGGTG	1
CGGTATATT	1
TTACTTGTG	1
CGCGGCGTG	1
AGAGCCATT	1
GAGGCTAAG	1
CTGGTCATT	1
ACCTCGATC	1
CGTCTGGTG	1
CGGGTGATA	1
ATAACTATC	1
GGTTTTATT	1
GTATTTATT	1
TACAGTATT	1
CTGCTATTG	1
GCAGTAATA	1
CAGGGCGTG	1
TTCGAGACG	1
TCTTTGGTG	1
AGAGGCAGG	1
TGTGTCAAG	1
GCTTTTATT	1
GCTGGCATA	1
CAACTAATA	1
AACAACACG	1
CGTTGGATT	1
CGTTGGATC	1
GCGGTAATT	1
CTGTAATTG	1
CCTAGCATG	1
CAGCCGATT	1
TTACAGACG	1
TGGAGCATT	1
CCGCTGATT	1
TCGGTGATC	1
GAACTTATA	1
CATACGATG	1
AGGATAACG	1
CACTGGACG	1
ACGTTTAAG	1
GTGTAGATA	1
CGTCGTGTG	1
TATTTCATT	1
TATTTCATC	1
ATTGGGGTG	1
CACAGTATC	1
CTGGCAATC	1
TCGGTGATT	1
CGGCGAATT	1
GCCTTGTTG	1
CGGGGCAAG	1
ATGTAAGTG	1
ATGATAATT	1
AGATGTATA	1
CGGCGAATA	1
TGTGTGGTG	1
TGATGCACG	1
ATGCGGATT	1
CTTCGTATT	1
TAGGACAAG	1
GCGAATGTG	1
CCGACGATT	1
GATGCTATA	1
GTGATTAGG	1
ATGATAATC	1
GAAAATATG	1
GCTGTAATT	1
AGGGCGATT	1
CCCGGCATT	1
GTTGATACG	1
CCGGTGTTG	1
GGCGGCATC	1
TGTGTTATT	1
GCAGGGAAG	1
GTGATTATT	1
ACTTTAATG	1
TGTTATACG	1
GTTATTAAG	1
TTTTACAGG	1
CGCGGGATC	1
GGGTGTAAG	1
AATGGCATT	1
TTTTTAATT	1
GCGGATATT	1
AGTATGAAG	1
GCTTGTATC	1
CATAATATT	1
GATTGTATT	1
CTACGAATC	1
GTAGAGACG	1
CAGCCTATT	1
GGGCACATT	1
ATTAGGACG	1
GACGACGTG	1
GAGGCGTTG	1
GGATCAATA	1
GTAACCATT	1
ATCTTGGTG	1
TACGTTATT	1
TTCTTAACG	1
TACATCAGG	1
TGGAGTAAG	1
CGTGGGACG	1
TCAGAGAAG	1
TATGAGATT	1
AGGAAGGTG	1
GATAGCATT	1
CTTCGTGTG	1
ATTAGCATT	1
TATGCGAAG	1
ACGCGAATT	1
TTCCTGAAG	1
TACTTAATC	1
GGTGCAATC	1
GGCTCTATC	1
GCTCGCATC	1
TTGAGAATC	1
AGGGGGTTG	1
TTTTGAATA	1
CCAGCGATC	1
TTCACAATC	1
GGGGCCATA	1
GGGGCCATT	1
CACCCGATG	1
TAATCAATT	1
ACCTCGTTG	1
CGCGGGATT	1
AATTCCATC	1
ACGTCAAGG	1
TGCCGTATC	1
AGATGGATA	1
GGCGCCTTG	1
GTACTTTTG	1
GAAATTATT	1
AGTGCAGTG	1
TAAACCATT	1
CCATGGAAG	1
ATCTGGATT	1
TTCCAGATT	1
CCATTTGTG	1
GCCGAGAAG	1
AGTCGGAAG	1
GTTCAAATT	1
AGGGGGATC	1
TATCGGATC	1
CTAATGATA	1
GGCTTTGTG	1
GCCTAAATA	1
CGGGTTACG	1
GCCTTTTTG	1
CAGTGCTTG	1
AATGCTGTG	1
CGCTCTATT	1
CGTGCGATT	1
CGGGTGGTG	1
AGGTCTACG	1
ATCTAGATT	1
GTGACAATA	1
GCGGCAATC	1
CATTATATT	1
CGAGGCAAG	1
CGGATCATT	1
AACCCCATG	1
ATCGTTACG	1
ATCCTGAAG	1
CCGTCCATA	1
ATTTTGAGG	1
CATGTGTTG	1
CCGGATATT	1
AAGGCGGTG	1
GATTAAAGG	1
GTTGGTAAG	1
CAATATAGG	1
GGTCTCATC	1
GGTTAAGTG	1
GGCCCGATT	1
AGCTACATT	1
CAGAAAATC	1
TTTATCATT	1
GTGTGACTG	1
CCACGCATT	1
GCTTGAATA	1
AGTCGTATT	1
GCCGGCATT	1
AGGCTCATC	1
CCCTTAATG	1
GTTCTGACG	1
ACTGTGAAG	1
TGATCCGTG	1
CTTAGATTG	1
GCGAGCGTG	1
TATATAATT	1
CTGTCCATT	1
GTCCTAATT	1
ACTTGGTTG	1
GCTGAGATT	1
CACTCTTTG	1
CCTAGTATG	1
GTCGATATA	1
AGGACTGTG	1
GTGGTCTTG	1
TATTTCAGG	1
GGCGCACTG	1
TTCCGCAAC	1
GGAGGTATT	1
CCTCCAATT	1
GAGGATATA	1
TTAACAATG	1
TCCCCGATC	1
GAGTTTAAG	1
TCTCAGATT	1
CGAGGTATA	1
GGCATTACG	1
TACGTAATA	1
GTGTGTACG	1
GGAGCTATT	1
TGTCATGTG	1
TGTGCGTTG	1
CTCAAAACG	1
GAGCGGTTG	1
TTATCGATT	1
ATCACTAAG	1
AGTGCTAAG	1
GTCGCCATT	1
CGGGGTAGG	1
ATAAAAATG	1
TTTTCTATC	1
TTTCACAGG	1
GGAGCTATA	1
GCGATGTTG	1
CGACTTATT	1
TGCTAGATT	1
TCTCATATT	1
CATATCATC	1
GTCTGTATA	1
TCTGCAATC	1
TGGCTTACG	1
AAATCTATC	1
TGTTTGAAG	1
GTGGCTATT	1
AGAGGCTTG	1
TGACCGATT	1
CCGGTGAAG	1
CGTGAAATA	1
CTGGCCATA	1
GTGTACATA	1
GATTGGAAG	1
GCATTTATC	1
TCGTCCATA	1
TGGCCTATT	1
TGTAGCATT	1
TTTGTAACG	1
GAAAGGATT	1
GCCACGATG	1
AGGGGAATT	1
CTTCGTACG	1
TGTGTTATA	1
AACCTTAAG	1
GACAAAATG	1
AGATACATT	1
GTTAAGGTG	1
TCACAAACG	1
TCCAGCATT	1
GCAAAGATC	1
CGCTCGAAG	1
TAATGTATT	1
TGGCCTATC	1
TATCGAATG	1
GTAGAAATT	1
GATGTAATA	1
TTAGTGATT	1
GGCATAATA	1
ATGAGGGTG	1
GAGTAGATT	1
GTGGGCATC	1
TCTGCAGTG	1
CGAGCGACG	1
TGGGGGATT	1
AGGGGTGTG	1
ATTTGTATT	1
CGTGATGTG	1
ATATAGACG	1
GGGCCGTTG	1
GTGTTAATC	1
TTGAACATT	1
AGTTCCACG	1
CGGGTATTG	1
GGTTACAAG	1
TGGGAAGTG	1
GAGCGCATT	1
GTGCAGATC	1
TAAAGTATG	1
AATATCATG	1
GTGCAGATT	1
CGGTTGATT	1
TCTAACATG	1
AGATGGATT	1
GAGCGCATC	1
CGGCGGATT	1
AGATTAATC	1
TGGAATATT	1
CAAGCGCTG	1
ACTGGGATT	1
ATCGTGTTG	1
GCGAGAATC	1
AGTTTAATC	1
GTGGACTTG	1
GGTCAAATC	1
CTTTTCAAG	1
GTCTAAAAG	1
CGGACGATC	1
CCGGTAAAG	1
TGCAGAGTG	1
GTGGGGACG	1
GTGCCTATA	1
AGATGGGTG	1
ATCAGAATT	1
TCAAAGATT	1
ATCATCATG	1
GACTTTATT	1
TTATCGATA	1
ATTAATATT	1
TGTAGTATC	1
GCGTAGATC	1
AAAAGAATC	1
AGGCACATC	1
GGTCCGTTG	1
GACGGGATT	1
AAGTGGATC	1
AGCCTAAAG	1
TGGGGAAAG	1
CGCGAAGTG	1
GATGGCACG	1
TGTTTGATA	1
AGGCACATT	1
ATACCTACG	1
ATCCGCTTG	1
TGAACGAAT	1
TCTGTAAAG	1
GCCACCGTG	1
ACCCTCATG	1
ATTTGTATC	1
GCTGTGATC	1
GCTGTGATA	1
AGGGAAAAG	1
ATCTCGGTG	1
AAATCTAAG	1
TGAGGCGTG	1
TGGGAGATT	1
GAATCGAAG	1
GTCGTTATC	1
TCGGCGAGG	1
GACCAAACG	1
CCTGTGATA	1
TAGGGATTG	1
CGGCACATC	1
GGCGTGGTG	1
GCGTTAATT	1
TTGGGGCTG	1
GACAACATT	1
GGGGAGGTG	1
GGTCACATA	1
TAGTCTTTG	1
TGCATTATA	1
TGGTCTAAG	1
GAATGCTTG	1
ATGAGCATT	1
CTCCTAATG	1
GTGAGCACG	1
ATGTGGATT	1
GGTGTTATA	1
GTCAAGATC	1
GGGCGTACG	1
TTGCTGATC	1
ATGTGGATC	1
CAGATGATG	1
CGGACAATT	1
AAATGCACG	1
TGAGCGACG	1
TTAGCCACG	1
ATCTGTAAG	1
AGAATGGTG	1
GGTATTGTG	1
TAAGACATT	1
CTATCAATC	1
CGGTGAACG	1
GGTGTTATT	1
TAATATATT	1
AGAGGCAAG	1
CAGTGGAAG	1
TGGTATACG	1
TTCGTCAGG	1
GGTCGTATC	1
TGGGAGATC	1
TAGGATATA	1
TCCTTTATT	1
CGTTTCATC	1
ATTGGCATC	1
CCTCGAATT	1
GCGTTGTTG	1
TGGTATAAG	1
GGTTATACG	1
GTGGTGTTG	1
TGTTTTACG	1
TGTCTGATC	1
CTGCAAATT	1
CGCTTGGTG	1
CACTGGATT	1
TGTCATATC	1
GGGGCAATA	1
CCTCGAATC	1
GGTGATGTG	1
TGTCATATT	1
TGGTCAATT	1
ACGGTCATC	1
TCTGGGAAT	1
CAGGTTATC	1
CAGGTTATT	1
TCGACGATA	1
GTGTAAACG	1
TATGGAATC	1
CAGCTCATT	1
CCAGAGACG	1
CAGGAGATG	1
CTTTCTATC	1
GCATGCATT	1
TCACACATT	1
TAAGAGATT	1
TGGTCAAAG	1
CCTGGCATC	1
GACTGAATT	1
CTGCTCATT	1
CGATAGACG	1
CTCATGATA	1
TTAGGCATA	1
TCGTTTTTG	1
TTAGGCATT	1
CAACGGATT	1
CGCCAGATT	1
TAATGGGTG	1
TCCTAGATT	1
ACCGCAATA	1
AGCCAAATG	1
TGTTGCATA	1
TACGTGTTG	1
AAGTTGATA	1
TGTTAAAAG	1
AAGGTGATC	1
CAGTGGATA	1
ACGGTCATA	1
AGGTCTATC	1
CTGCAAATC	1
TTTCTTATT	1
ACGCTTGTG	1
CGAGACACG	1
CTCTGCATC	1
TGCGTAATC	1
CCTGCCAGG	1
GACTGGCTG	1
CCAGATGTG	1
CGTGCTATA	1
CATGCAATT	1
GCGCGTAGG	1
TATAGGATC	1
ACACAAATG	1
AGGTCTATT	1
GAGGGTATC	1
CGCCACATC	1
CATCCGATC	1
TACTTGAGG	1
TGTCAGAAG	1
TGGGTGGTG	1
ATACAAATT	1
GGGTGTAGG	1
CGTCGGATA	1
AGGGGTATC	1
AAGTGTATC	1
ACCCGTATG	1
CTGCCTAAG	1
GAGGTGATT	1
CTGTGCGTG	1
CAGCGCATA	1
CGACCAACG	1
AAAATGATT	1
TTACATGTG	1
TGGAGTAGG	1
GTGGTCATC	1
GTGGTCATA	1
CTTTATATT	1
AAGAGAATG	1
GCATTCATA	1
TTATCCATC	1
TTCTTGATC	1
CGGCGTAAG	1
CATCTGATC	1
GTAGAAACG	1
GAGCGAATA	1
GTATTCAGG	1
GATGGTATT	1
AGCGAAATA	1
GCATTCATT	1
AGAAACGTG	1
TTCTTGATT	1
TCGTGAACG	1
TTATCCATT	1
CACAAAATG	1
TGCTGGTTG	1
GGGGTGGTG	1
TCTTTCATC	1
GGACTCATC	1
ATATTTATT	1
GGGTCCAAG	1
AATAAGATT	1
ACTCTTATC	1
GGACTGATA	1
TCAGCGATC	1
GTGTTAAGG	1
TCCGGCGTG	1
GATCTCACG	1
TTTCAGATT	1
TTTCAGATC	1
CCTTCAATG	1
TTTTTTAAG	1
TTGGTCATA	1
TCGCAAATT	1
AGGCGCAAG	1
TTTTGCGTG	1
TTTTGGTTG	1
GCTTGTTTG	1
AATGCGATC	1
TGAATGGTG	1
GACGCCAAG	1
CATCGCATT	1
ACGAACATC	1
GTTCTTACG	1
GCGAGGATT	1
GGGTCAAAG	1
CAGAGTATT	1
ACTGAAGTG	1
CCGGTTATT	1
TCGGTTGTG	1
AGGTGGATC	1
AGCGAAATT	1
AGGTGGATA	1
GATATTATC	1
GTTCCAATA	1
CGGTCGATC	1
TGATCGATT	1
ATACTAGTG	1
GTCGGTGTG	1
ATATTTATC	1
CGTTGAATT	1
AAGGATATC	1
TGGATCATC	1
CACGGGATT	1
TCGCTGGTG	1
GTCCTAGTG	1
TGGGGTACG	1
CGGGGGAGG	1
TTAGGCACG	1
TTACAGATC	1
GTGATTACG	1
TTACAGATT	1
ACGTCCATG	1
GAGGTCATT	1
TTCGCCATC	1
TTCGCCATA	1
GAATCGACG	1
CCGGGGATC	1
GTCGAAATC	1
CGTGGGATA	1
CATGCTACG	1
GTATACATA	1
TCGCGGATT	1
TAGATGACG	1
CACCTAATG	1
ATATCCAAG	1
GACGCTGTG	1
TCATTGATA	1
ACCCCAATG	1
CTGGGAGTG	1
AAGAGTGTG	1
CATGCTGTG	1
TCAGGTATC	1
GGATGCATT	1
TAGGGCATT	1
GGAGAAATC	1
GAGGTTACG	1
GGATGCAAG	1
CGTCGTATT	1
GTCCTGATA	1
GGGCGGACG	1
CACCACATG	1
GATTGAAGG	1
AGTGACATA	1
ACTCTGATC	1
GTCGATACG	1
TTTCTGTTG	1
GTGTGAATA	1
TCACAGATT	1
TCCTGGACG	1
TGGAACATT	1
TCAGGTATA	1
TGGTAGATT	1
GGTTAGGTG	1
TACCTGGTG	1
GTCCTGATT	1
AGGGTGATC	1
GGACTGATT	1
CATTTAATC	1
GGAGAAATA	1
AGGTCGATA	1
GTTGGTATT	1
TGTACGAAC	1
CGAGGTAAG	1
GTCTCCGTG	1
CATACAATG	1
CAGCTGATG	1
AGTAACATT	1
GGATTAATA	1
AAGTAGATA	1
GCGCAAACG	1
ATTCGTATC	1
GGTTGTGTG	1
ACGGACACG	1
ATAGTAATA	1
CGTATTAAG	1
CGAGGGATA	1
TAGATGAAG	1
ATTGGTAGG	1
GGATCAATC	1
TCTGCGGTG	1
CCGCCAACG	1
AGGGGAATC	1
CGGGGGACG	1
TCTCATATC	1
ATTGCAATC	1
GCACTCATA	1
TAGGGTATC	1
AACAACATC	1
GGTAGCATA	1
GTGAGGATC	1
GGACCTATT	1
AGTGAATTG	1
GACAGAATC	1
TCTACAATC	1
TTTGTTATT	1
ATCAGCATT	1
GAACCAATG	1
GGGGAGATT	1
TATTGCATT	1
GAAGGCATT	1
CGCTCGAGG	1
CACGTGGTG	1
GGGCGGTTG	1
GCCGGTATA	1
ATATTGATT	1
TACCTCATC	1
TATGACATC	1
TGGCATATA	1
TGGACAATC	1
GAGAACATT	1
TACTCTATT	1
GAGCTCATC	1
CGATGCATT	1
GCGCTGGTG	1
CGAGGCATT	1
TTGTTGATA	1
TCGGGGATT	1
AATCCGGTG	1
AGTGTTATT	1
CTTTGTAGG	1
TTGTTGATT	1
GGATGATTG	1
CCCTCCATC	1
TAACTAATA	1
TGTGTCATT	1
AGTGTTATA	1
ATATTTGTG	1
TTTTTTATC	1
CGCGGAATC	1
ATTCGTATT	1
CCCATAATT	1
GGGGGGATG	1
AGTGTAATT	1
TGGATATTG	1
GATTATATC	1
TGTCAGATC	1
AGATAGATC	1
TTCCGTATT	1
GTTATTATT	1
ATAATAATG	1
CATGGCACG	1
GTAAAAATC	1
AACATTATG	1
GTTACTATT	1
GTGAGCATA	1
GGCTGCTTG	1
TCGTGTATA	1
CAGGGTATC	1
TAACGTATT	1
ATTCGGGTG	1
TCTGTAACG	1
ATTTGTAGG	1
CGTGCTTTG	1
GGATATGTG	1
AATTAGATT	1
TCGGTGGTG	1
TTTTCAATT	1
TGTTACATC	1
TCAGATGTG	1
AATCCTATC	1
AATTGGAGG	1
AATGACATC	1
GGGGAGATC	1
ACGTCGACG	1
GGCTAGGTG	1
ATCCTTATT	1
TGTGCTAGG	1
GTGAGCATC	1
TTCCGTATC	1
GATGTATTG	1
CAGAATATG	1
GTTCGGAAG	1
AATTTGTTG	1
ATACTTATG	1
ACACAGAAG	1
ATAGGAATA	1
TATGGCATT	1
AGAGGAATT	1
GGTGGAATT	1
CGGTTAATC	1
CTGGGAACG	1
GAGATGACG	1
ATCAGCATC	1
GTGGAGGTG	1
ATGTAGAAG	1
TTGGGTATC	1
GTTATTATC	1
TGGGCTACG	1
GTTCTAAAG	1
ATGTAGTTG	1
TTTTTTTAT	1
TATGTTCTG	1
AGCGTGATC	1
GAATGCATA	1
GCTCCAATC	1
GGTGCGGTG	1
GAATGCATT	1
ACGTACATG	1
GGCGGGATT	1
AGCGTGATT	1
CGGGGGGTG	1
TGGACAATT	1
CATGTTATA	1
TGGTGAATA	1
TGGCGCATT	1
GGTTTCACG	1
ACGAGTATT	1
GTTCTAATT	1
AGGTAGGTG	1
TTGCCCATC	1
TGGCCAACG	1
CGGTGCATC	1
ACTCGGATT	1
ACCGTCATG	1
ACTCGCATC	1
CGATTGTTG	1
AGGTTGATT	1
ACATACATG	1
GGGCCCATC	1
GTCCACATT	1
CAATTCATC	1
TTTTATATA	1
AATTTAATC	1
CCTACGATG	1
TCAGTAATA	1
GGGAAGATC	1
GGGACGATT	1
GGGAAGATA	1
TGGGATATT	1
TACTTTATT	1
TTATGGAAG	1
TCGCTAATT	1
AGCCACGTG	1
GGCCAAATA	1
GCTCTGAAG	1
GGTCGAGTG	1
TCCGGGGTG	1
CGGTGCATT	1
TCTTACATA	1
TGAAGAGTG	1
TGTTGCATT	1
TGGTGAATT	1
TTTTAGAAG	1
GCGAATATA	1
GCGTTTATT	1
GGTTGCATT	1
GGTAGCACG	1
GGAATTATT	1
CAAGCAATG	1
TGTCCGATC	1
ATACCAATC	1
TAGTTTATT	1
TAGTTCACG	1
TGTCCGATT	1
CTGGTTATC	1
GGTAGTATA	1
GCTTGCATT	1
TGATCCAAG	1
TCTTACATT	1
CGTGCGTTG	1
GCTCGCATT	1
TCGTCTATC	1
GTGTTATTG	1
GACCTCATA	1
CGCGCGTTG	1
GGGTGAATT	1
GGCTCTATT	1
GGCCGGAAG	1
TAGATTACG	1
CACTCCATG	1
CGGGATATT	1
TGCCCGATC	1
CTCATAACG	1
TGGGCCATT	1
CGATTAATA	1
CTGTCGATT	1
TTGATTAAG	1
CTTGTTATA	1
CTTGTTATC	1
GCAGCCATT	1
TATGGGATT	1
AGGCCTATT	1
CGAAGCATC	1
GCTTTCTTG	1
GGTAGTATT	1
GGTCAGATA	1
CTCTGGATT	1
GGATGTATA	1
AGCGAAGTG	1
ATGATATTG	1
ACCACAATC	1
TGGTACATC	1
GACGAGGTG	1
CGCGAGATT	1
GGTCAGATT	1
CACGTAATG	1
GGTATTTTG	1
TTATGGATA	1
TATGGGATC	1
CACATGATT	1
AAGGAGATG	1
ACCTATATC	1
CATGTTATC	1
CGCGATACG	1
CGATTAATC	1
CTAACAATG	1
TCAGTGATA	1
GGGATGATT	1
TGTCTCATT	1
TTGGTGATC	1
CACTCCATT	1
CTACGAATA	1
TTGGTGATT	1
AGACGTAGG	1
TCAGTGATT	1
CAGGCCATG	1
AGTTCTATT	1
CGGATTATT	1
AGGGGTAGG	1
TGCCGAATC	1
AGGGTTATA	1
ACGTGAATC	1
GTGTAGTTG	1
CGGGCGACG	1
TGTGAAATT	1
CATATGATT	1
TATTCTGTG	1
CTGTACATC	1
GACCTCATT	1
GTTTTGACG	1
GTGACTATT	1
CTCACCATG	1
CACTCGATG	1
ACAATGATC	1
ACTGCAATC	1
CTGGGGAAG	1
ATTTTCATT	1
CGACTTACG	1
CTGTCAATT	1
TCGCCGGTG	1
AATGGGATT	1
GCTACAATT	1
ACGTTGATT	1
TATTAATTG	1
TACGTGATT	1
TGGTTGCTG	1
TCAATTATC	1
GAGGTAGTG	1
CTATGAAAG	1
CTTTGAATC	1
AAATCGTTG	1
CTGGTCAAG	1
CAGTGAGTG	1
ACGCGTATG	1
AGGGCAATC	1
CTCTACAAG	1
GTAGAAGTG	1
AGGGCAATT	1
GCTGGTATT	1
GGCGTGAAG	1
CCTCGGATT	1
ATGTAAATC	1
TTCGGGACG	1
ACGCTCAGG	1
TGGCTGATT	1
ACATCCATG	1
AGACAGAAG	1
TTGCGCATT	1
CGAAAGATT	1
TGTCGGGTG	1
TTTGCGATC	1
AACTCGATT	1
AGGTATGTG	1
GATCGTATA	1
GTGGAAATC	1
AGTTTTATA	1
CTCCTCTTG	1
CTTTGGATT	1
TCAGCTATC	1
GGGGTCATT	1
GCATATATC	1
GATGGCATC	1
TGGTGCATC	1
GCTTGGGTG	1
TTTTCAATC	1
GGGGATATC	1
AATGGGATC	1
AAATGCATT	1
TCGCTGATT	1
ACAGCAACT	1
AAATGCATC	1
AGTGTCATA	1
GGCGCGATT	1
CATGCGGTG	1
GAATTCATC	1
GAGATTATT	1
GGGGCCGTG	1
GTATGTGTG	1
AGTCGGATT	1
CTATGAGTG	1
AAGCTGAGG	1
GCAGGCATA	1
GGACGCGTG	1
GCGGACATT	1
CTTCATATC	1
TTACGCATT	1
CCCCCAATG	1
GTTGCAATT	1
GGCTCCAAG	1
GGGTCGACG	1
TGTAATATC	1
GATGGGACG	1
CGACATGTG	1
CGCGGGGTG	1
GGTCGCATT	1
GGTTATTTG	1
ATTTTAATC	1
ATGTAAATT	1
TGGTTTAGG	1
TGATATATC	1
TGCGGCATC	1
GGTTATGTG	1
GGCCGTATA	1
GACCGAATC	1
GGGTACATA	1
TTTTGTATA	1
TCTCCGTTG	1
CGATGAATT	1
TTGTATACG	1
GGGTACATT	1
AGATCAATG	1
GACCGAATT	1
AGGTGCAAG	1
CGGAGCATT	1
AAGAATATC	1
CGACAAATC	1
CTATATGTG	1
TAGGTCGTG	1
ACAGTTATG	1
AGGCTAATT	1
GGCGATCTG	1
CATATTATC	1
AAGCTGATT	1
CATATTATA	1
GGTACAATT	1
ATGAAAATT	1
CCGGTGGTG	1
GGCTTGATC	1
CTGGTTACG	1
CTCTTTATC	1
AGTTTTATT	1
TCGTGCATC	1
GTCGGCATT	1
GCGTTGATC	1
AAAGGGATA	1
ATGAAAATC	1
CACAATATG	1
TCCTGGATT	1
GTCGGCATA	1
GGATCCACG	1
TAGAAATTG	1
AAGCTGATA	1
GTTTTCGTG	1
AGTTTTATC	1
CCGCGCACG	1
GATAAAATG	1
GGACGCAAA	1
GAGGTATTG	1
CCTTGGGTG	1
GCCATCATG	1
TTATGAATC	1
TGGGCGATT	1
TGTTAGATT	1
GGCCCCATT	1
TACGCCATC	1
GTCACGATT	1
TAACGAATG	1
CTGCGTACG	1
TTTTATACG	1
TTAGAGATA	1
TCTTAAATT	1
GCTGTAACG	1
TATTGTATT	1
TGGTAAATA	1
ACGACGATT	1
GTGTGCAAG	1
CAACATATG	1
TTCGGAATC	1
GGAGCGATT	1
AAGATGATG	1
ATGTTTATT	1
GATTTTGTG	1
GCGGGCATT	1
TATCAGATC	1
GAAAAGATT	1
GCGGGCATA	1
GGTCGGTTG	1
ATCTCTATC	1
AGCCGCATT	1
TGTTTGGAT	1
TGGCATTTG	1
GCTGAGAAG	1
GTTAGGAGG	1
GGTTGTACG	1
GCTGAAACG	1
TTGGTAATC	1
TTGCTTATC	1
GGGCGTATT	1
CATGAAATG	1
AATCTAATG	1
TGCTTGATC	1
TCGTCTATA	1
CCACTAATG	1
CCCAATATG	1
TTTTGCTTG	1
GCCCTGGTG	1
CACTCAATC	1
CTAACGATT	1
TGCTGCAAG	1
CTGTGGATC	1
AAGCGGGTG	1
CTCCCGACG	1
CGGACTATC	1
ACTTAAATC	1
ACTTAAATA	1
TCCGCCATC	1
CCAATGTTG	1
TTGGAGAGG	1
TTCTATATC	1
TTCTATATT	1
ATCGGTATA	1
GTGCAAATT	1
TTTCGGGTG	1
GGGACAGTG	1
TTAGTGAAG	1
AGCAGGAGG	1
GGGGAAATC	1
AACCATATG	1
ATAGAAGTG	1
ACACCTATG	1
GGCTCTAAG	1
AATACGATG	1
TATAATATC	1
CAGTTTATC	1
GATGGGAAG	1
AGTGCGATA	1
CGAAATATT	1
GGCTTCACG	1
CGAGAGACG	1
GTGTTTATT	1
CTCCCGAGG	1
CATCGCACG	1
TCCCGAATT	1
AGGCGAGTG	1
CTTCTGATT	1
GCCTCCAAG	1
CACTTGAAG	1
CATGTTAAG	1
GGGTTTATC	1
CCTAAAATG	1
ATGCCAATT	1
TGTGCCGTT	1
TGAGGGATT	1
GTATACAAG	1
TAACATATC	1
CTGGCTATT	1
GGGGATACG	1
ACTAAGACG	1
GGGCGAACG	1
CTCTTTAGG	1
CTGAGAATG	1
GTATCTATC	1
TGTTGCGTG	1
GGATCGTTG	1
GGACACATC	1
CTTTCGATA	1
TAGGATAAG	1
TTTAGAATT	1
GGCGTGACG	1
GCTAGCGTG	1
GGTTTGAAG	1
AGTGATAAG	1
AACAGCATG	1
ATGGATATC	1
TGTGGTGTG	1
GGGCTGACG	1
TAGAGGACG	1
GGGTTTATT	1
CGCGGTATT	1
CATAGGATC	1
CGTCAGCTG	1
AACTGGATT	1
ACTTCGATT	1
TAGTGAATA	1
AACTGGATC	1
CGAAATATC	1
TAGTGAATT	1
GGGCTTATC	1
CCAAGAATA	1
AGTGTTATC	1
CTTGTAATA	1
CTTGTAATC	1
AACCCTATT	1
GGGGACGTG	1
TGGGAAACG	1
TAGCGCGTG	1
TGGTCCATA	1
ATACCTGTG	1
CGGACATTG	1
GAGTGTAAT	1
CTACGGATC	1
ACCTTTATC	1
GGACGGAAG	1
CGTTGTATC	1
CCCAGCATC	1
TCGGTAATA	1
TCGGTAATC	1
GCGTGGAGG	1
CACGGGGTG	1
GGCGCTATC	1
ATAATCATC	1
GGCGCTATA	1
GCTAAGTTG	1
GATAATATT	1
AAGCGGATT	1
CGTCCAAAG	1
GTGGGGTTG	1
AAGCGGATA	1
GTGGGGGTG	1
GGGATTACG	1
GTACGAATA	1
AAGCCAATG	1
GAATAGACG	1
TGTAGAATT	1
CAAACTGTG	1
CAAGGAATG	1
GGTTCGATC	1
ACGTAAATG	1
GTTTTGGTG	1
GACTGGATC	1
ATGTGGGTG	1
CGGCCCCTG	1
TATGGTATA	1
TTCCCGATC	1
GTATAAACG	1
CAGAGCATT	1
GTGTGCGTG	1
GTGTAGAGG	1
GCTTTGATT	1
GAGACCAAG	1
GATCCTAAG	1
GCTTTGATA	1
CGGTAGGTG	1
AAAAGGGTG	1
GGAAGTATC	1
GCCACTATT	1
TCGGATATT	1
GAGGTTATA	1
GGAAGTATT	1
GTCGCAATC	1
GGGCTGAAG	1
CCTATTATT	1
TAGGGGGTG	1
AAAACCACG	1
TCGGCCAAG	1
TCGAGTATC	1
AAGTTGATT	1
TGGATCATT	1
TAAAGCATT	1
TTCCACATA	1
TTCCACATC	1
GTGGGAATC	1
AATGGCTTG	1
GACGACTTG	1
CAGCACATA	1
CTCTCTTTG	1
TTGAAGGTG	1
CGTACTATA	1
TTGTGTACG	1
TTGCACTTG	1
TAGGTAATT	1
TATCGCATA	1
TTGATTATT	1
GGATTGTTG	1
TTGGGAACG	1
GGAGGGATA	1
GTCGGGATC	1
CGCAATATT	1
TCCTATACG	1
AGAGAGATT	1
GTTTTCTTG	1
TCCATCATC	1
GGATCCAAG	1
ACATCTATT	1
TGGGGTGTG	1
TTTTATGTG	1
GATTAGAAG	1
TCATGTATC	1
ACAATAGTG	1
ACGTGGAAG	1
AATCATGTG	1
CCCCACATT	1
TTCTGCATA	1
ACGCATATC	1
GGCTATAAG	1
GTGTGGATC	1
CGGTCTATT	1
TTCTGTGTG	1
TTCGTGGTG	1
TAAGTTATT	1
TGCTTAATA	1
CAATTAATC	1
GTCGGGATT	1
GCGAGTATC	1
GTAATAATG	1
ATCGGCGTG	1
TGAGATGTG	1
GTTGATGTG	1
CTGAGGATA	1
AGACCCATG	1
GGTGATACG	1
TGGTTCATC	1
ACGAGCATT	1
GTGTACATC	1
CGTTTTATA	1
TGGGAAAAG	1
GTGTACATT	1
CCATCAATG	1
CTGTGTAAG	1
TTCCAAATA	1
GCCAATATC	1
TGGTAGACG	1
GTGGTAATT	1
TAACCGATT	1
AGTGTGATT	1
TGGGCGCTG	1
AGGTCTATA	1
CACTAAATC	1
CCGCACGTG	1
TATGTTACG	1
GCGGGGTTG	1
CTTTGGATC	1
GCTGGGTTG	1
TGGCAATTG	1
GGTAGTTTG	1
GATTAGATT	1
GCAGGGATT	1
GATTAGATA	1
ACATTTATG	1
TGCGACATT	1
AAGTTTAAG	1
GTGAAGGTG	1
ATAAAGATC	1
GAGGCCATC	1
GTGGTGGTG	1
ATAACAAGG	1
TTACGGATA	1
CTTTTTGTG	1
CGCGGGACG	1
CCAGGAATC	1
TAGCTGATT	1
AAGGCAATG	1
CTGTCAGTA	1
TATCCGATA	1
GAGGGCATC	1
CCGCACATC	1
ATTTCAATA	1
CGCTTGATC	1
CTGCGTATT	1
TTCGTCGTG	1
GGGTGGATA	1
TGAATAATT	1
CTGCGTATC	1
GTCATAAAG	1
CCTGCCATC	1
CCGGGTATA	1
CAGTCAATT	1
ATGTGAGTG	1
CAGCGGGTG	1
GGGTGTATC	1
ACTAGAAAG	1
CCGTGAATT	1
CTTACGATT	1
CTCTAGATT	1
CTAGGTATC	1
GGTGGCGTG	1
TACCGCACG	1
CATTTGACG	1
CAGCATATA	1
TCGGACAAG	1
CGCTTTGTG	1
GATGTCATC	1
GGAACAACG	1
GATGTCATT	1
ACACGGGTG	1
CTTGGAATT	1
ACTTCTATC	1
ACCTGAAAG	1
CAATGCGTG	1
CGACAGATA	1
AGTAGAATC	1
GGCAGGATT	1
GATACTATT	1
TATAATAAG	1
CACGCGGTG	1
GATACTATA	1
CCTTTGGTG	1
AATCACATG	1
GGCGTCGTG	1
CCGTTTATC	1
TACCCTATG	1
TGGAGAACG	1
CGGAAGATC	1
CGTTAAATC	1
GCTGACATT	1
TTTCTAATC	1
TGCGGCACG	1
GTATAGATT	1
TTTGTCAGG	1
TCGGGGATA	1
GCGCCAACG	1
ACGGAAATC	1
TAGTGTATT	1
AAAATTATG	1
TACGTTGTG	1
CTCCCGATT	1
AACCCTTTG	1
TCCCTCATG	1
GGGGTAATT	1
GAGCTAATT	1
GAGCTAATA	1
TATGTGACG	1
CGTTCTATC	1
CTGTGTAGG	1
TAGGGGTTG	1
ACTACAATG	1
GCGCTGATT	1
GATTAAATT	1
ATTCCTATC	1
CTACGGATT	1
GTGGGGATC	1
TTATGTACG	1
AGAGGCATC	1
CTTTGAAAG	1
AGGAGGATG	1
TCCATTATG	1
CGCTAAATA	1
GAGTGAATT	1
ACGCCCATT	1
AGTGCTACG	1
CGCGGATTG	1
GGGTCGATC	1
TCGCCGATT	1
AATCATACG	1
TAGCGGATT	1
GGTTAGAAG	1
ACGTGGATA	1
GAGTTCTTG	1
GGCGTGTTG	1
TGGTCAGTG	1
TGACTTAAG	1
CAGGGCTTG	1
TAGTGCATT	1
AGCGCGATT	1
CTAAGCATG	1
TACTGAAAG	1
GGTCCTAAG	1
ATACTAAAG	1
AGGGTGGTG	1
AGCGCGATA	1
GAGAGCATC	1
CCGTCGAAG	1
GTGATCATT	1
GGTCTATTG	1
TTCTCAATC	1
CGTTGCAAG	1
AACGCGATC	1
ATCCAGATT	1
ACAAATATG	1
ATCTACATG	1
CGACCGATA	1
CGTCAGATT	1
GGACGGATC	1
AGAATCATC	1
TTTGGTATC	1
AGCTTAAGG	1
ACTGCGACG	1
AATGGAACG	1
AGGGAAATT	1
CTCAGCATC	1
CATGCCATT	1
GAGGGAATT	1
TTTGCGATT	1
TTCTAGATA	1
CGATGTATC	1
TGTGCCATA	1
CTTGCATTG	1
CCGGCGATT	1
TGTGCCATT	1
ATACGAGTG	1
TAAGCTATG	1
TACGAGATA	1
TACGAGATC	1
TACACGATA	1
CGTTCTATT	1
GCTATTATT	1
CGCAGAATA	1
CACTTAATG	1
GGGTTGTTG	1
TGAATGACG	1
TATCTGATC	1
ATCTATAAG	1
TTATGAACG	1
AGCCCAACG	1
ATTTGGAAG	1
TCCCGCATA	1
TTACTAGTG	1
TAACAGATC	1
AGTCGAATC	1
ATAAATATG	1
TGGGAAATA	1
TCCGTAATA	1
GTGTGCACG	1
AATCGGGTG	1
AAATTAATT	1
GGTGCGATT	1
CATCAAATC	1
GTGATTGTG	1
CCGGGTTTG	1
TGGGAAATC	1
CCGACCAAG	1
ATGAATATT	1
ACGTAGGTG	1
TGTTGAAGG	1
CGAATGTTG	1
CACGGGAGG	1
CATTGGATC	1
TACCGCAAG	1
GGGAGAATA	1
TCGGGAATT	1
TCTCGCATT	1
AAACATATG	1
GCGTCAGTG	1
CGTGATATC	1
CGTGATATA	1
GTTATCAAG	1
TCAGAAATT	1
GAGTGTAAG	1
CAGTTTAAG	1
CTAGAAGTG	1
GACGGGGTG	1
CGTCCAGTG	1
CTTGTATTG	1
AGCTGGATA	1
AGCTGGATC	1
AATTTAGTG	1
TTCGTAAAG	1
GAGGAAAAG	1
CTTGGGAAG	1
TCTACCATG	1
TCATGGATC	1
AGGACTATT	1
AGGCAGTTG	1
GCGGGTATC	1
GACCATATT	1
GGGCCCCTG	1
TTTTTGATC	1
CCGGGAGTG	1
CAATGGATT	1
AATTGGAAG	1
CGATATATT	1
GATTGCAAG	1
AAACGAAAG	1
ACATGGATC	1
CGATATATC	1
CTGTGCATT	1
GTGTGGTTG	1
CCCCAAATG	1
TTTCTGAAG	1
TTTTTGATT	1
CAAGAAATA	1
TGGCCGATC	1
TATTTAATA	1
TATTTAATC	1
TGCTGGATT	1
GTCTTTATT	1
CATAGGATT	1
GTCTTTATA	1
GTCTTTATC	1
CATTTGGTG	1
ATTCCGACG	1
CGAAGAATT	1
CGAGTTATC	1
GATCCTATC	1
CTCACAATG	1
CTTGTGATT	1
TAGAGGTTG	1
GAACAAATT	1
TCTGCGACG	1
AACGCTATC	1
ATAGAAATT	1
CATCGTATC	1
AAGGGAATT	1
ACACGGACG	1
AAAAATACG	1
TTAGAGAAG	1
CAGACTGTG	1
AGGTCCATT	1
GATGGTACG	1
CCCGGAAGG	1
CATATCAGG	1
GTCTCGATC	1
CGTGGTATC	1
TTATTGATT	1
ACCACGATG	1
ACTTAGATC	1
CGGGGAACG	1
TTCTGAATT	1
CGTCATATA	1
CGGCTGATT	1
GATTATACG	1
GAAACAATG	1
AGTGACTTG	1
GCACGCACG	1
TTGCACACG	1
GCTGATATC	1
GTGTGTATT	1
TTCAGCATG	1
TGCTCCATA	1
GGTATTATA	1
CTGACTATA	1
CTGACTATT	1
AGCAGCATG	1
TGGTAAACG	1
ACTACGATT	1
ACTTGAAAG	1
GTCTCTATA	1
AATGGAAAG	1
CGCCCGACG	1
AAATCGAAG	1
GTGCACATC	1
GTCGATGTG	1
TACGAAGTG	1
TGTCTGACG	1
ATTACAATG	1
GATAATACG	1
TGTGACACG	1
CGTAAAATT	1
TCTGCGAAG	1
CCCTGAATT	1
GTAACGACG	1
AAATAAATG	1
ATGGGCATA	1
CGGGAAATC	1
GTGACGATA	1
TGGGTTGTG	1
CGTGTTATT	1
CATTTTATC	1
TGGATCAAG	1
TATGCGATC	1
TCGTAAATC	1
AGCCCAAAG	1
TTATGCATT	1
ACGCGGACG	1
AGGGGCATA	1
GTATAGATC	1
ACCCTTAGG	1
AGGCTCTTG	1
TTGGCGATC	1
GATTACGTG	1
GGGCCGACG	1
TCAGTCATC	1
GATTTAATC	1
GTTTCGACG	1
TAGAGAATT	1
AAGGCGATC	1
AAGGCGATA	1
GCGCGGATA	1
ATCTGAATC	1
GCAATTAAG	1
CTCGGCATA	1
ACCGAGACG	1
GGTCGGAAG	1
CTGATGATA	1
GCCACCATT	1
TTTACGATT	1
TCGCGTATT	1
GCCACCATA	1
GCCACCATC	1
GAGGGCATA	1
TAGAGTATT	1
CGCTTGAAG	1
GACGTGACG	1
GGCCGAATC	1
ACACTGATA	1
GGCTGAGTG	1
CTTTAGATT	1
TCTTGTACG	1
AATTAAATC	1
CGAGCAATT	1
ACGAAGATT	1
CTCGGCATT	1
GGTATTATC	1
ATATACATT	1
GCTTTCGTG	1
GCGTTTTTG	1
TCCAACATG	1
TAATTGAGG	1
ATCCTAATC	1
ACTTCGATC	1
TGTTGCATC	1
AAGGTGAAG	1
CTAGCCATC	1
GGAGAATTG	1
TCGGAGATT	1
CAGATTATT	1
TCGAATATA	1
GTCACAATG	1
AAGAGTATC	1
GAGCCGATC	1
AGGTAGATA	1
CGTTTAGTG	1
GATCTTATT	1
TATTGAATC	1
TCCCTGATT	1
GGTGGCATA	1
GGTGGCATC	1
GGCGAATTG	1
GGCCATATT	1
TCGCGGTTG	1
TCACCCATG	1
GTGCACATT	1
AGGGCCATC	1
CACGCTAAG	1
GCAGTGACG	1
AACTGGACG	1
TAACTAACG	1
CGGACGATT	1
TGATTAATC	1
AGGTTCATC	1
AGGTCTAAG	1
CTTGCCATG	1
CAGCCCATG	1
GGAGGCTTG	1
GTTACCATG	1
CTGTTAATC	1
CATGGGATC	1
CGCGCTATC	1
TTGCATAAG	1
GACGGGATA	1
GGATTTACG	1
CGCTAAGTG	1
TCGGACATC	1
CGCTCGGTG	1
GTGTCTATT	1
CGCGAAATT	1
TAACCTATG	1
AATGTTATC	1
GGCAAGATT	1
GTGAAGATT	1
CCGAGGATT	1
GTATGTATC	1
ACTATTATT	1
GGTCCTATT	1
TTTCTTACG	1
CTGAAGATC	1
GATGAAAGG	1
AAGTCGATT	1
ATGACCACG	1
CAATTAATA	1
CTGTAAATC	1
GGCGAAATC	1
TAACCAATC	1
CGTCAGTTG	1
AATAGGATT	1
AACCTTATT	1
TTCTTTATT	1
ATTGTAATC	1
GGTACCATC	1
CCCGAGATC	1
TCTGGGATA	1
TAGTTGATC	1
GCTAAGACG	1
TGGGGCATT	1
TGATAAAGG	1
GCACCAATG	1
AGGCGTATC	1
CGTTTAATT	1
CCGCATATA	1
AGGCGTATT	1
CCGAATATG	1
GAACACATG	1
CGATCAATC	1
TACGAGAAA	1
AAAAATATT	1
GACATGATC	1
CGATTAACG	1
GACGGGAAG	1
TTGGGAATA	1
GATTGAATT	1
GATGCCATC	1
GATTCGATT	1
AATGATATT	1
CAGTGTATT	1
TCGTATATC	1
ACCGAGATC	1
TGGTCTGTG	1
TGGCTGTTG	1
CCAATAATT	1
TCGATCATC	1
GGGGGCATG	1
GGGTCAGTG	1
TATCTGACG	1
TACTGTAGG	1
ACTTCCATC	1
AGGGTAATT	1
TACCGTACG	1
GTACTTATC	1
GGATACATA	1
CGTTCAATA	1
ACGGGTATT	1
GATGTCACG	1
TCTTCTATT	1
TAGTTCATT	1
CGAGAAATC	1
CAGTGTATC	1
GGGTTCATA	1
GGCAGCATT	1
TTGTTCATA	1
TGACGGATT	1
GCACAGATT	1
AGAATGATT	1
TTGTCTATT	1
GGGTCGGTG	1
TTGAGGGTG	1
TGACGGATC	1
GATGGGATA	1
ATTCCGGTG	1
GCGCTTATA	1
CTTAATATT	1
GCGTTGATT	1
GCGCGCGTG	1
ACGATAATG	1
CTAAGAATG	1
ATACCTAAG	1
CATGCGATA	1
CGATTTATC	1
CTTAATATC	1
ATCCCAATG	1
AAGGGGATA	1
GGGGATGTG	1
TCCATGATA	1
TTACTAATT	1
GTTTATATC	1
ATGCGAATT	1
CCGCGAATT	1
GGCTGGTTG	1
GGCGAGATC	1
TGGTATGTG	1
CCTACTAAG	1
TTTGGGATA	1
TCTGTAATC	1
GTCCTGGTG	1
GTCAGCATC	1
GCTGGTAGG	1
GCGACAATT	1
GCAAGCTTG	1
CCTGGAATA	1
TGGGTAATA	1
GGATTTATA	1
GTGGTAAGG	1
GCATTGATT	1
GTGTTGACG	1
GTGCCGAAG	1
AGAATGATC	1
ATGCGAATA	1
TTAGAAATC	1
TTTGGGACG	1
TTATTTATT	1
TGCTAGAAG	1
ACTGTTATT	1
AGCGTAATC	1
CGGAGAGTG	1
TTTGGAATA	1
GGATTGACG	1
TTTCAAGTG	1
AAAACAATG	1
GGTTTGATT	1
TCGGTTTTG	1
TTTGTCATA	1
ACAGGTATA	1
CAGGGTACG	1
CGACCGTTG	1
TACTAAATT	1
TATCGTAGG	1
TCCGAGATA	1
ATTGAGAGG	1
GGTTGAACG	1
TAAGAGAAG	1
CCCATGATT	1
AATGTTATT	1
TAATTGATT	1
TCATAGAAG	1
ATCGTAATC	1
GGAAAGATC	1
TATGTAATT	1
TGCAGAATA	1
CTGCTAATC	1
CTTTAAATC	1
GATGGCGTG	1
TACCTTATT	1
CTTTAAATT	1
TCCCGAGTG	1
TATGTAATC	1
TGACCGACG	1
CACTTCATT	1
AACTTGATC	1
TCGCTGACG	1
GGGTGTGTG	1
GATGCGTTG	1
CCTAGAATG	1
CCAGCAATT	1
GCCACCACG	1
AGCAAGATC	1
GTGTTTGTG	1
CACGTCATT	1
GATTCGATC	1
CGCAGTATA	1
TGCCCTATG	1
GGCTTCATA	1
TCATAAAAG	1
GGCTTCATT	1
CCTGGGGTG	1
TAATTAATC	1
TCGGCAATT	1
CCCGCGACG	1
CATATAATG	1
CTATATAGG	1
TGTGCTATT	1
GCCAGAATC	1
GCCAGAATA	1
GATTGCATT	1
GGCATGATT	1
GGAACGGTG	1
CTGTGTTTG	1
CCTTTAATT	1
GTGCAGACG	1
GTCTATACG	1
GCAATTATT	1
GGCGCAATC	1
GAAGAAGTG	1
GTCGTGACG	1
CCACGCAGG	1
TGGGAGAAG	1
TTCGTCACG	1
TGTCGGTTG	1
CAACGTATT	1
GGCCCGTTG	1
GGGCCCACG	1
CAATGGATA	1
TTGTTTAAG	1
TGTTGGAAG	1
GACACTAGG	1
CCATACATG	1
AAATCGATT	1
TCTCGAATT	1
CCAGATATT	1
ATATCCATT	1
GCTAGCATT	1
AATCCAATG	1
AGAGGTGTG	1
GACTTGATC	1
GCTAGCATC	1
TTCAAGATT	1
TTATTTACG	1
GTGCAAATC	1
TGATGGATA	1
GCAATTATA	1
CCCCGCATT	1
TATTGTATC	1
GCGCAAGTG	1
GTTGGAATA	1
AATACCATT	1
TTCGGGATT	1
GGATGGATA	1
GTATTGATC	1
AGAGGTATA	1
TTAAAGATC	1
AGTCGCATC	1
AGTCGCATA	1
GTCATGAAG	1
GCTGTCACG	1
CGCTCGACG	1
CCCTCTATT	1
TAGAGCACG	1
TTGCTTAAG	1
CCCTCTATA	1
GTGTGCATC	1
AGTGGCATA	1
CGGATAACG	1
GGGTTCACG	1
TGGCGAATT	1
GCGCGCATT	1
AGTTCTGTG	1
TCCAAGATG	1
TAGCTCATT	1
GCACCGATG	1
CAAGAAACG	1
TGTTTTATC	1
AGAGCTATT	1
CTCAATATG	1
GTTGGGACG	1
GTTGGAACG	1
GGGCCAATC	1
ATTCCGATC	1
TGCCTGATT	1
CGAATGAAG	1
TGGCGAATC	1
GCGTCGACG	1
GTATGCATT	1
TCATTCATC	1
GGGTAAATA	1
TACCGGATT	1
ATCGGGATA	1
CTCATAATA	1
ATTGGCGTG	1
TATAGTATT	1
TGAGATATT	1
GTTAATATC	1
CTGATTATC	1
GTGGATGTG	1
GAGCGAATC	1
TTGGGGTTG	1
GGGGCGATC	1
TTCGTAATT	1
CGAGGCACG	1
CGCGTAATC	1
TGGGTAGTG	1
ATTGGTATC	1
TATGCAATT	1
TTCATCATA	1
TCATGGAAG	1
AAAGGCATC	1
ACCTCTATC	1
CTGACTAAG	1
ATTTCTATC	1
TGAGATATC	1
TGGTATATA	1
GGGCAAACG	1
GTATTCAAG	1
ATGTATATT	1
GCGGGTACG	1
ATTACCATA	1
GATTGGACG	1
GGTAAGATT	1
AATTGGTTG	1
ATAAGCATC	1
TATAACGCA	1
TTGAAGATC	1
TTGAAGATT	1
GCATGTATC	1
CGCCGCGTG	1
TGAAGCATC	1
GTCACCATT	1
ATCGTGATC	1
AATCATATT	1
TAGCTAGTG	1
CGCTGGATT	1
TAGTATATC	1
GCCACCAAG	1
CGGAGGATA	1
CGCAGTATT	1
GGAGTGATC	1
TGGATGAAG	1
ATGCAGATT	1
CGATGTGTG	1
ATCTGCATT	1
CCGTCGATC	1
TCCTATAGG	1
GGCGATATT	1
CCGTGAATC	1
GCATGAATT	1
CGATACTTG	1
TTTCCAACG	1
AGATGTATT	1
GACCTCGTG	1
GGCTGTTTG	1
GGGCCGCTG	1
GGCTGTATT	1
CCGTTCAAG	1
TTGTATATA	1
ATTACCACG	1
ATTCAGGTG	1
GGCTGTATA	1
CGCTGTATC	1
GGCTGTATC	1
AGTAGAATT	1
TATAGTATA	1
CCGTCGATA	1
ATGTGAATT	1
GAGCGTATC	1
GCTAGTATC	1
CATTGGACG	1
TTTCATATT	1
GCTCTAAAG	1
GAAGTGGTG	1
CCGACCATT	1
AGCCCGATG	1
TACCCCATG	1
ATCCAGACG	1
GGCTATTTG	1
CTCCAGGTG	1
TCGTTTATT	1
TCAGAAACG	1
TGCGCCATC	1
AACACGATC	1
ACCTAAATT	1
ATGAGGATT	1
ATGTGAATC	1
CTCGGGATT	1
GGGCCTAAG	1
AACTGGAAG	1
CCGGTAAGG	1
TTTTGAATC	1
CGGGTAATA	1
ACCGCGACG	1
GTGGTTACG	1
TGATGCATT	1
GTGCGAATT	1
TATTTCGTG	1
GGGCAAATT	1
TAGCGAATT	1
GTTGTTAAG	1
CGTAGTATT	1
CGTCGAATA	1
GTGCGGAAG	1
GAGTTTATT	1
GAGTTTATC	1
GCGGCGGTG	1
CAACCAATG	1
GATGTGGTG	1
TGGTTCAAG	1
TGCATGATA	1
TGCATGATC	1
GCCGCTGTG	1
GTGGACATT	1
TTGTGGATT	1
ATATTTAAG	1
GGTGACATC	1
CTGAAAATT	1
ACCCTGATT	1
TTGCTAATT	1
AACGTAGTG	1
TGACAGATT	1
AGTTGTATT	1
TGACAGATC	1
TTGTGAGTG	1
ACCGCCATC	1
TGGTTTATC	1
CGCCGTATC	1
AGCCACAAG	1
CCCGAAATA	1
GGTTTAATC	1
AAACAAATG	1
TAGCAAAGG	1
CACGAGTTG	1
GCCGTGATT	1
CCGGCAATT	1
CGCTGTACG	1
AATGCCATG	1
GATAAGATT	1
GGGCGGGTG	1
CAGACTATC	1
GTGGACATC	1
TTGTGGATC	1
AGCCATATC	1
AGGTGCAGG	1
TCAGACGTG	1
TGAAACATG	1
TATCGTAAG	1
TGTGGAGTG	1
CAGCGGATC	1
ACTGGAATA	1
GGTAAAAAT	1
ATTCGGATC	1
TCGGCGATT	1
TTGTCGATT	1
GTAGAGATT	1
CTGGTAATT	1
TCGGCGATA	1
TTTGGAATT	1
TTTCGAACG	1
AGTGAGATC	1
AGTGAGATT	1
CGGGCAATT	1
AGCCGAATT	1
GGGCCGATA	1
GCGGGGATA	1
GCGGGGATC	1
CGCTGGACG	1
GGGTTGACG	1
AATGATATA	1
TTCTCGATC	1
CGGTTAAGG	1
TGCATCATG	1
GGAGTAATC	1
CAAGGCATG	1
GACGACACG	1
GGGTTAATA	1
TATTCGATT	1
GTTTTGATA	1
CTCCTGAAG	1
ACTCCCATG	1
TACCTCAAC	1
ATGTCCTTT	1
TGTTGAATT	1
CACCTTATT	1
GGCTCGAGG	1
GCAGGTATT	1
TGCGGCGTG	1
GCAGTGGTG	1
TTCCCTATC	1
AGGATTATC	1
AATTGGATA	1
TGTTGTATA	1
TCTCCGATT	1
CAGCGGAAG	1
GGGGTTACG	1
GGAGCGACG	1
TCAGTTATT	1
CTTGGCATT	1
TATCATATC	1
GCTACTATT	1
CTTATTATT	1
AGCGCAATT	1
GCGCGCCTG	1
CTTATTATA	1
ACGAATATA	1
GTTCTATTG	1
TTCCACACG	1
CGTGAGATA	1
CACCTTACG	1
TACAGCTAC	1
ATGTTGATT	1
GAGTGGAAG	1
GTCTAGGTG	1
TGATTCATC	1
TCTCCGATA	1
GATGATGTG	1
GACGACAAG	1
GAGTCAATC	1
GAGTCAATT	1
CGTGTAAAG	1
TTTGGTAAG	1
GGTCGGATT	1
CTCTTTATT	1
ACGCTTATT	1
ACCAATATG	1
ACGCTTATA	1
TGGTTCACG	1
TTGGCTAAT	1
ACGTCAATT	1
TCGACGAAG	1
TCTGCCAAG	1
ATTTTTAAG	1
TGGGTGATT	1
GGCCTGATC	1
TGGGTGATC	1
TCTGATATT	1
GCTCGCAAG	1
GCGCATATC	1
TGTGGCATT	1
AACGAGATG	1
GGGCGGATC	1
ATCCCCATT	1
TACAGTACG	1
GCGTGAATC	1
CTCCAGACG	1
CGATAGATT	1
ATGATTATC	1
GCGATAATC	1
TGAGTTGTG	1
GGCTTTATT	1
CGAGGATTG	1
GATTAGGTG	1
AGCGCGACG	1
CTGCCGGTG	1
CTGTACGTG	1
CGTACCATT	1
CATTGTACG	1
GATCCCATC	1
GCCTGAATT	1
CGATAGATC	1
GTTGTCGTG	1
CTGAAAATC	1
TGGTGGATT	1
GCTGCGATT	1
TCGCTTATT	1
CATGTCATT	1
CGCTTCGTG	1
TGTGGCATA	1
CTCGTGATC	1
TTATTAATA	1
CTGCTAGTG	1
GGGCCAATA	1
AGTGCGATC	1
GTAGGGATC	1
GATCTCATC	1
CGCCCAATC	1
CCCGAAATT	1
GACGCGTTG	1
TATTTGATT	1
CTTCCTATT	1
TCGCCTATT	1
CGATTAAAG	1
TGAACCATT	1
GCTTAGATT	1
CTCTGCAAG	1
AATTTTGTG	1
CATGGAATT	1
TGGGGTATT	1
ACTAAGATC	1
GCCGGAATA	1
TGCACCATG	1
CTGTGGTTG	1
AGCCGGTTG	1
AGAGCGATC	1
GTCTCGACG	1
GGGGCCCTG	1
ACGAGAATC	1
CCAGAGATA	1
CCAGAGATC	1
AGCTCTATT	1
TCCTCCATT	1
GAGCATGTG	1
AGAGCGATT	1
GCTGGGATT	1
GCCTTCATT	1
ATCTCGATA	1
ATTGAGGTG	1
TCATCAATA	1
TTATTTGTG	1
GCGGGAATT	1
TCCTCCATC	1
AGGGCTATC	1
CAGACCATG	1
GCGTGTATT	1
TTGCTGAAG	1
GGGAGAGTG	1
TCACTCATT	1
GCCGAGGTG	1
TATAGGATA	1
CCTGGGATC	1
TTTTCCAAG	1
GTCATCACG	1
TTGCAGATA	1
ACAGGGATC	1
ACAGGGATA	1
TATATCATC	1
GGATGTAAG	1
ACAGGGATT	1
AATGGAATT	1
GCGCGTATT	1
TAGAAAATC	1
TCATTAATT	1
AGCATTATT	1
GGTCTTGTG	1
CGGCGGATC	1
AAGAACACG	1
GTTCTGATT	1
AAGATTATT	1
GGATTCAAG	1
GTCCAAATT	1
GTCCAAATC	1
GCCCAGATC	1
AGTGGAATT	1
CTGTAGATT	1
TTGTTGAAG	1
GAACAAGTG	1
TAGGATGTG	1
GCTCGGACG	1
TTGTATGTG	1
CGTGGAGTG	1
CGGGTTATT	1
AGTGGAATC	1
GAACATATA	1
ATACCTATC	1
CGAGCGGTG	1
CCTTATATA	1
TTTTGAATT	1
AAACTCATC	1
ATTCATATT	1
TGCCTCATG	1
TTGTTCATT	1
TAATCTATG	1
TGAGAAATT	1
GCCCAGATT	1
CACACTATG	1
GGGTAGATC	1
GTCCAAATA	1
GTTGGGTTG	1
GGGTAGATT	1
TCCTCAATT	1
AATGTATTG	1
CCGCCCATA	1
TGGTGTATT	1
CTCCACATG	1
AAGAGTAAG	1
TCTTTCATT	1
CGAGATAAG	1
CACAGAATT	1
ATCTATATC	1
ATCTATATA	1
AGATAAAAG	1
GGAACGAAG	1
AGGTTTATA	1
AAACACATG	1
TAGTGGGTG	1
TGGGCTATT	1
CTCGTCATA	1
CGTGGGATT	1
ACGGGGGTG	1
GGACGCATT	1
CCCACGATG	1
AGGGTTAGG	1
AGTAGCATT	1
TTGTAAATA	1
TCGGTGAAG	1
TGTTTCATT	1
AGGCGGATT	1
GTGTTGAAG	1
GGATGCATC	1
CGTAAGTTG	1
GGATGGTTG	1
ATTGGGATT	1
TTTTATAAG	1
GGTCTTAAG	1
AGATTTATT	1
GGGTATATC	1
GATGCGATT	1
GGTATAACG	1
TGGCAGATC	1
GCCGCAATC	1
TTGGTATTG	1
AAGTCCATG	1
AGGCATGTG	1
AGTAGCATC	1
CTCTGCACG	1
CTAAAAACG	1
CGGGGGATA	1
GCGTGTATA	1
GATGCGATC	1
TACACCATG	1
TCGAGAATT	1
GCAGGCATT	1
GTCGGAAAG	1
GTCTTCATT	1
TTTTGGATA	1
CGAGGAATA	1
TCGGAAAAT	1
AAACAGATA	1
CTGTGTACG	1
TAACGCAAG	1
ACCATTATG	1
GATCGAACG	1
TAATAGATC	1
AATCAGATC	1
CGAGGAATT	1
GAGGTAATT	1
AAGCGCATC	1
CTTGGCGTG	1
AAGCGCATA	1
CTTTGTGTG	1
GGTGCCACG	1
ATTGGAATA	1
GCTCACATA	1
TCTAGCATT	1
GCCCCAATC	1
TTACGGTTG	1
AACGGGATT	1
ATACGAATT	1
GGTTCAATA	1
ATCAATATG	1
GTACGCATT	1
TTTATTATA	1
CTGTATATC	1
ATACGAATA	1
GCTTGGATT	1
CGTGGGATC	1
GACGATATT	1
TCGTACATT	1
TGTCACATT	1
CGGGTGAGG	1
ATTTAGATC	1
ATTTAGATA	1
GGCTGGATC	1
ATGGTGATA	1
AAGCCGATT	1
CGCGAGGTG	1
TTTCAAATC	1
GGACGGACG	1
TCTTTTATC	1
GAGCGTGTG	1
AGAGTTATA	1
TTTCGAATA	1
TGTGGTACG	1
GATCACATG	1
TTAGCGATC	1
GGGATTATC	1
ATTTTGGAT	1
TTTCAGACG	1
CCGCGGATT	1
TTAGGAATT	1
GTCTTGTTG	1
TTTGGTATT	1
AGCCCTATT	1
TTAGGAATA	1
AGCATTACG	1
